39 15
2 -1 100 0 12 17 1
0.000000 0.000000 0.000000

1 0 0 0 10 0 -1 -1
40.000000 5.000000 1.000000 1.000000
0.000000 0.000000 1.000000
0.000000 0.000000 0.000000
0.000000 -9.500000 0.000000

0.260000 0.000000 0.000000
0.140000 0.000000 0.000000
0.090000 0.000000 0.000000
-0.140000 0.000000 0.000000
-0.190000 0.000000 0.000000
0.000000 0.460000 -0.380000
0.000000 -0.220000 0.130000
0.200000 0.010000 0.000000
-0.740000 0.000000 0.000000
0.480000 0.000000 0.000000
0.200000 0.000000 0.000000
-0.740000 0.000000 0.000000
0.360000 0.000000 0.000000
7.150000 0.000000 0.000000
-0.240000 0.000000 0.000000

1 0 0 0 10 0 -1 -1
50.000000 5.000000 1.000000 1.000000
0.000000 0.000000 1.000000
0.000000 0.000000 0.000000
0.000000 -0.000000 0.000000

0.340000 0.000000 0.000000
0.160000 0.000000 0.000000
-0.190000 0.000000 0.000000
0.060000 0.000000 0.000000
-0.460000 0.000000 0.000000
-0.180000 0.250000 0.000000
0.000000 0.000000 0.000000
-0.010000 0.000000 0.000000
-0.360000 0.000000 0.000000
0.000000 0.000000 0.000000
-0.240000 0.000000 0.000000
0.000000 0.000000 0.000000
0.000000 0.000000 0.000000
7.540000 0.000000 0.000000
0.000000 0.000000 0.000000


4 -1 276 0 12 17 1
0.000000 0.000000 0.000000

1 0 0 0 10 0 -1 -1
10.000000 5.000000 1.000000 1.000000
0.000000 0.000000 1.000000
0.000000 0.000000 0.000000
0.000000 -8.499996 0.000000

-0.100000 0.000000 0.000000
0.180000 0.010000 -0.140000
0.100000 0.000000 0.000000
-0.040000 0.000000 0.000000
-0.140000 0.000000 0.000000
0.000000 0.000000 0.000000
0.000000 0.000000 0.000000
-0.760000 0.000000 0.000000
0.280000 0.000000 0.000000
-1.709999 0.000000 0.000000
0.970000 0.000000 0.000000
-0.989999 0.000000 0.000000
0.010000 0.000000 0.000000
7.370000 0.000000 0.000000
0.330000 0.000000 0.000000

1 0 0 0 10 0 -1 -1
12.000000 5.000000 1.000000 1.000000
0.000000 0.000000 1.000000
0.000000 0.000000 0.000000
0.000000 9.400000 0.000000

0.120000 0.000000 0.000000
0.060000 0.000000 0.000000
-0.180000 0.000000 0.000000
0.290000 0.000000 0.000000
-0.240000 0.000000 0.000000
-0.180000 0.000000 0.000000
-0.170000 0.000000 0.000000
-0.030000 0.000000 0.000000
0.310000 0.000000 0.000000
-0.540000 0.000000 0.000000
0.280000 0.000000 0.000000
0.060000 0.000000 0.000000
-1.619999 0.000000 0.000000
7.780000 0.000000 0.000000
0.180000 0.000000 0.000000

1 0 0 0 10 0 -1 -1
10.000000 5.000000 1.000000 1.000000
0.000000 0.000000 1.000000
0.000000 0.000000 0.000000
0.000000 -6.499996 0.000000

-0.130000 0.000000 0.000000
0.200000 0.090000 0.190000
0.050000 0.000000 0.000000
-0.040000 0.000000 0.000000
-0.030000 0.000000 0.000000
0.000000 0.000000 0.000000
0.000000 0.000000 0.000000
0.470000 0.000000 0.000000
0.530000 0.000000 0.000000
-0.370000 0.000000 0.000000
-0.460000 0.000000 0.000000
-0.260000 0.000000 0.000000
-1.449999 0.000000 0.000000
8.200000 0.000000 0.000000
-0.540000 0.000000 0.000000

1 0 0 0 10 0 -1 -1
12.000000 5.000000 1.000000 1.000000
0.000000 0.000000 1.000000
0.000000 0.000000 0.000000
0.000000 8.599997 0.000000

0.170000 0.000000 0.000000
0.110000 0.000000 0.000000
-0.190000 0.000000 0.000000
-0.310000 0.000000 0.000000
-0.280000 0.000000 0.000000
0.130000 0.000000 0.000000
0.240000 0.000000 0.000000
-0.330000 0.000000 0.000000
0.200000 0.000000 0.000000
-1.069999 0.000000 0.000000
-0.070000 0.000000 0.000000
0.340000 0.000000 0.000000
-0.760000 0.000000 0.000000
7.680000 0.000000 0.000000
0.290000 0.000000 0.000000


4 -1 319 0 12 17 2
0.000000 0.000000 0.000000

1 0 0 0 10 0 -1 -1
10.000000 5.000000 1.000000 1.000000
0.000000 0.000000 1.000000
0.000000 0.000000 0.000000
0.000000 0.000000 0.000000

0.490000 -0.110000 0.000000
-0.070000 0.080000 0.000000
-0.180000 0.060000 0.000000
-0.020000 0.000000 0.000000
-0.120000 0.000000 0.000000
-0.120000 0.000000 0.000000
-0.120000 0.000000 0.000000
-1.259999 0.000000 0.000000
0.320000 0.000000 0.000000
-1.619998 0.000000 0.000000
0.160000 0.000000 0.000000
1.120000 0.000000 0.000000
-1.139999 0.000000 0.000000
7.410000 0.000000 0.000000
-0.260000 0.000000 0.000000

1 0 0 0 10 0 -1 -1
12.000000 5.000000 1.000000 1.000000
0.000000 0.000000 1.000000
0.000000 0.000000 0.000000
0.000000 0.000000 0.000000

0.000000 0.000000 0.000000
0.030000 0.000000 0.000000
-0.110000 0.000000 0.000000
-0.140000 0.000000 0.000000
-0.120000 0.000000 0.000000
-0.360000 0.000000 0.000000
-0.430000 0.000000 0.000000
-0.020000 0.000000 0.000000
-0.010000 0.000000 0.000000
-0.050000 0.000000 0.000000
-0.330000 0.000000 0.000000
0.600000 0.000000 0.000000
-0.250000 0.000000 0.000000
7.520000 0.000000 0.000000
-0.210000 0.000000 0.000000

1 0 0 0 10 0 -1 -1
10.000000 5.000000 1.000000 1.000000
0.000000 0.000000 1.000000
0.000000 0.000000 0.000000
0.000000 0.000000 0.000000

0.490000 0.130000 0.000000
-0.070000 -0.010000 0.000000
-0.180000 -0.020000 0.000000
0.080000 0.000000 0.000000
-0.180000 0.000000 0.000000
-0.120000 0.000000 0.000000
-0.120000 0.000000 0.000000
0.529999 0.000000 0.000000
0.440000 0.000000 0.000000
-0.909999 0.000000 0.000000
-1.739999 0.000000 0.000000
0.799999 0.000000 0.000000
-2.159998 0.000000 0.000000
7.410000 0.000000 0.000000
-0.260000 0.000000 0.000000

1 0 0 0 10 0 -1 -1
12.000000 5.000000 1.000000 1.000000
0.000000 0.000000 1.000000
0.000000 0.000000 0.000000
0.000000 0.000000 0.000000

0.000000 0.000000 0.000000
0.030000 0.000000 0.000000
-0.110000 0.000000 0.000000
-0.140000 0.000000 0.000000
-0.120000 0.000000 0.000000
-0.360000 0.000000 0.000000
-0.430000 0.000000 0.000000
-0.020000 0.000000 0.000000
-0.010000 0.000000 0.000000
-0.050000 0.000000 0.000000
-0.330000 0.000000 0.000000
0.600000 0.000000 0.000000
-0.250000 0.000000 0.000000
7.380000 0.000000 0.000000
-0.070000 0.000000 0.000000


2 0 40 0 0 0 3
0.000000 0.000000 0.000000

1 0 0 0 10 0 -1 -1
10.000000 5.000000 1.000000 1.000000
0.000000 0.000000 1.000000
0.000000 0.000000 0.000000
0.000000 0.000000 0.000000

-0.120000 0.000000 0.000000
-0.020000 0.000000 0.000000
0.260000 0.000000 0.000000
-0.020000 0.000000 0.000000
-0.010000 0.000000 0.000000
-0.070000 0.000000 0.000000
-0.060000 0.000000 0.000000
0.310000 0.000000 0.000000
-0.510000 0.000000 0.000000
0.310000 0.000000 0.000000
0.310000 0.000000 0.000000
-0.510000 0.000000 0.000000
0.310000 0.000000 0.000000
8.090000 0.000000 0.000000
-0.110000 0.000000 0.000000

1 0 0 0 10 0 -1 -1
15.000000 5.000000 1.000000 1.000000
0.000000 0.000000 1.000000
0.000000 0.000000 0.000000
0.000000 0.000000 0.000000

-0.050000 0.000000 0.000000
0.080000 0.000000 0.000000
-0.090000 0.000000 0.000000
-0.040000 0.000000 0.000000
-0.280000 0.000000 0.000000
0.000000 0.710000 0.000000
0.000000 -0.440000 0.000000
-0.200000 0.010000 0.000000
0.250000 0.000000 0.000000
0.000000 0.000000 0.000000
-0.200000 0.000000 0.000000
0.250000 0.000000 0.000000
0.000000 0.000000 0.000000
7.720000 0.000000 0.000000
-0.170000 0.000000 0.000000


4 3 130 -1 19 20 3
1.000000 0.000000 0.000000

1 0 0 0 10 0 -1 -1
2.000000 5.000000 1.000000 1.000000
0.000000 0.000000 1.000000
0.000000 0.000000 0.000000
0.000000 -0.000000 0.000000

-0.360000 0.000000 0.000000
0.220000 0.000000 0.000000
0.150000 0.000000 0.000000
0.530000 0.000000 0.000000
0.060000 0.000000 0.000000
-0.210000 0.000000 0.000000
-0.410000 -0.010000 0.000000
0.610000 0.000000 0.000000
-0.610000 0.000000 0.000000
0.440000 0.000000 0.000000
0.610000 0.000000 0.000000
-0.610000 0.000000 0.000000
0.400000 0.000000 0.000000
7.590000 0.000000 0.000000
-0.070000 0.000000 0.000000

1 0 0 0 10 0 -1 3
8.000000 5.000000 1.000000 0.800000
0.000000 0.000000 1.000000
0.000000 9.099997 0.000000
0.000000 0.000000 0.000000

0.670000 0.000000 0.000000
0.260000 0.000000 0.000000
-0.080000 0.000000 0.000000
-0.070000 0.000000 0.000000
-0.420000 0.000000 0.000000
0.000000 0.470000 -0.530000
0.000000 -0.210000 0.330000
-0.710000 0.000000 0.000000
0.710000 0.000000 0.000000
-1.889999 0.000000 0.000000
-0.710000 0.000000 0.000000
0.580000 0.000000 0.000000
-2.239998 0.000000 0.000000
7.540000 0.000000 0.000000
-0.020000 0.000000 0.000000

0 0 0 0 10 0 -1 -1
40.000000 5.000000 1.000000 0.800000
0.000000 0.000000 1.000000
0.000000 9.099997 0.000000
0.000000 0.000000 0.000000

0.670000 0.000000 0.000000
0.260000 0.000000 0.000000
-0.080000 0.000000 0.000000
-0.070000 0.000000 0.000000
-0.420000 0.000000 0.000000
0.000000 0.470000 -0.530000
0.000000 -0.210000 0.330000
-0.710000 0.000000 0.000000
0.710000 0.000000 0.000000
-1.889999 0.000000 0.000000
-0.710000 0.000000 0.000000
0.580000 0.000000 0.000000
-2.239998 0.000000 0.000000
7.540000 0.000000 0.000000
-0.020000 0.000000 0.000000

1 0 0 0 10 0 -1 -1
40.000000 5.000000 1.000000 1.000000
0.000000 0.000000 1.000000
0.000000 -0.000002 0.000000
0.000000 0.000000 0.000000

0.170000 0.000000 0.000000
0.260000 0.000000 0.000000
-0.080000 0.000000 0.000000
-0.070000 0.000000 0.000000
-0.420000 0.000000 0.000000
0.000000 0.470000 -0.530000
0.000000 -0.210000 0.330000
-0.710000 0.000000 0.000000
0.710000 0.000000 0.000000
-1.889999 0.000000 0.000000
-0.710000 0.000000 0.000000
0.580000 0.000000 0.000000
-2.239998 0.000000 0.000000
7.540000 0.000000 0.000000
-0.020000 0.000000 0.000000


2 0 119 5 19 20 3
0.000000 0.000000 0.000000

1 0 0 0 10 0 -1 -1
30.000000 5.000000 1.000000 1.000000
0.000000 0.000000 1.000000
0.000000 0.000000 0.000000
0.000000 0.000000 0.000000

-0.050000 0.000000 0.000000
0.070000 0.000000 0.000000
-0.030000 0.000000 0.000000
0.010000 0.000000 0.000000
-0.080000 0.000000 0.000000
-0.060000 0.000000 0.000000
-0.080000 0.000000 0.000000
-0.390000 0.000000 0.000000
-0.360000 0.000000 0.000000
-0.600000 0.000000 0.000000
-0.450000 0.000000 0.000000
-0.240000 0.000000 0.000000
-0.570000 0.000000 0.000000
7.320000 0.000000 0.000000
0.000000 0.000000 0.000000

1 0 0 0 10 0 -1 -1
40.000000 5.000000 1.000000 0.800000
0.000000 0.000000 1.000000
0.000000 0.000000 -0.000002
0.000000 0.000000 0.000000

-0.310000 0.000000 0.000000
0.080000 0.000000 0.000000
0.100000 0.000000 0.000000
0.010000 0.000000 0.000000
0.000000 0.000000 0.000000
0.000000 -0.200000 0.000000
0.000000 0.200000 0.000000
-0.530000 0.000000 0.000000
-0.060000 0.000000 0.000000
-0.780000 0.000000 0.000000
-0.530000 0.000000 0.000000
-0.170000 0.000000 0.000000
-1.319999 0.000000 0.000000
7.930000 0.000000 0.000000
-0.180000 0.000000 0.000000


4 5 128 0 14 21 0
0.000000 0.000000 0.000000

1 0 0 0 10 0 -1 -1
4.000000 5.000000 1.000000 3.009999
0.000000 0.000000 1.000000
0.000000 0.000000 0.000000
0.000000 0.000000 0.000000

-0.270000 0.000000 0.000000
0.120000 0.000000 0.000000
0.070000 0.000000 0.000000
0.020000 0.000000 0.000000
-0.110000 0.000000 0.000000
0.000000 0.170000 0.000000
0.000000 -0.250000 0.000000
0.310000 0.000000 0.000000
0.470000 0.000000 0.000000
-0.440000 0.000000 0.000000
-0.320000 0.000000 0.000000
0.210000 0.000000 0.000000
-0.040000 0.000000 0.000000
8.210000 0.000000 0.000000
-0.200000 0.000000 0.000000

3 0 0 0 10 0 -1 4
7.000000 5.000000 1.000000 0.200001
0.000000 0.000000 1.000000
0.000000 -0.000000 7.099994
0.000000 0.000000 0.000000

-0.110000 0.000000 0.000000
0.080000 0.000000 0.000000
0.100000 0.000000 0.000000
0.010000 0.000000 0.000000
0.000000 0.000000 0.000000
0.000000 -0.200000 0.000000
0.000000 0.200000 0.000000
-0.530000 0.000000 0.000000
-0.060000 0.000000 0.000000
-0.780000 0.000000 0.000000
-0.530000 0.000000 0.000000
-0.170000 0.000000 0.000000
-1.319999 0.000000 0.000000
7.930000 0.000000 0.000000
-0.180000 0.000000 0.000000

3 0 0 0 10 0 -1 -1
10.000000 5.000000 1.000000 0.300001
0.000000 0.000000 1.000000
0.000000 -0.000000 -0.000002
0.000000 0.000000 0.000000

-0.110000 0.000000 0.000000
0.080000 0.000000 0.000000
0.100000 0.000000 0.000000
0.010000 0.000000 0.000000
0.000000 0.000000 0.000000
0.000000 -0.200000 0.000000
0.000000 0.200000 0.000000
-0.530000 0.000000 0.000000
-0.060000 0.000000 0.000000
-0.780000 0.000000 0.000000
-0.530000 0.000000 0.000000
-0.170000 0.000000 0.000000
-1.319999 0.000000 0.000000
7.930000 0.000000 0.000000
-0.180000 0.000000 0.000000

1 0 0 0 10 0 -1 -1
20.000000 5.000000 1.000000 0.600001
0.000000 0.000000 1.000000
0.000000 0.000000 0.000000
0.000000 0.000000 0.000000

0.000000 0.000000 0.000000
0.000000 0.000000 0.000000
0.000000 0.000000 0.000000
0.000000 0.000000 0.000000
0.000000 0.000000 0.000000
0.000000 0.000000 0.000000
0.000000 0.000000 0.000000
-0.190000 0.000000 0.000000
-0.240000 0.000000 0.000000
-0.450000 0.000000 0.000000
-0.360000 0.000000 0.000000
-0.330000 0.000000 0.000000
-0.540000 0.000000 0.000000
7.850000 0.000000 0.000000
0.000000 0.000000 0.000000


4 5 111 5 14 21 3
0.000000 0.000000 0.000000

3 0 0 0 10 0 -1 -1
5.000000 5.000000 1.000000 3.009999
0.000000 0.000000 1.000000
0.000000 0.000000 -0.000002
0.000000 0.000000 0.000000

-0.260000 0.000000 0.000000
-0.160000 0.000000 0.000000
-0.180000 0.000000 0.000000
-0.220000 0.000000 0.000000
-0.200000 0.000000 0.000000
0.000000 -0.200000 0.000000
0.000000 0.200000 0.000000
0.340000 0.000000 0.000000
-0.630000 0.000000 0.000000
0.050000 0.000000 0.000000
0.360000 0.000000 0.000000
-0.610000 0.000000 0.000000
0.070000 0.000000 0.000000
7.180000 0.000000 0.000000
-0.380000 0.000000 0.000000

3 0 0 0 10 0 -1 4
7.000000 5.000000 1.000000 0.200001
0.000000 0.000000 1.000000
0.000000 0.000000 7.099994
0.000000 0.000000 0.000000

-0.110000 0.000000 0.000000
0.080000 0.000000 0.000000
0.100000 0.000000 0.000000
0.010000 0.000000 0.000000
0.000000 0.000000 0.000000
0.000000 -0.200000 0.000000
0.000000 0.200000 0.000000
-0.530000 0.000000 0.000000
-0.060000 0.000000 0.000000
-0.780000 0.000000 0.000000
-0.530000 0.000000 0.000000
-0.170000 0.000000 0.000000
-1.319999 0.000000 0.000000
7.930000 0.000000 0.000000
-0.180000 0.000000 0.000000

3 0 0 0 10 0 -1 -1
10.000000 5.000000 1.000000 0.300001
0.000000 0.000000 1.000000
0.000000 0.000000 -0.000002
0.000000 0.000000 0.000000

-0.110000 0.000000 0.000000
0.080000 0.000000 0.000000
0.100000 0.000000 0.000000
0.010000 0.000000 0.000000
0.000000 0.000000 0.000000
0.000000 -0.200000 0.000000
0.000000 0.200000 0.000000
-0.530000 0.000000 0.000000
-0.060000 0.000000 0.000000
-0.780000 0.000000 0.000000
-0.530000 0.000000 0.000000
-0.170000 0.000000 0.000000
-1.319999 0.000000 0.000000
7.930000 0.000000 0.000000
-0.180000 0.000000 0.000000

1 0 0 0 10 0 -1 -1
20.000000 5.000000 1.000000 0.600001
0.000000 0.000000 1.000000
0.000000 0.000000 0.000000
0.000000 0.000000 0.000000

0.000000 0.000000 0.000000
0.000000 0.000000 0.000000
0.000000 0.000000 0.000000
0.000000 0.000000 0.000000
0.000000 0.000000 0.000000
0.000000 0.000000 0.000000
0.000000 0.000000 0.000000
-0.190000 0.000000 0.000000
-0.240000 0.000000 0.000000
-0.450000 0.000000 0.000000
-0.360000 0.000000 0.000000
-0.330000 0.000000 0.000000
-0.540000 0.000000 0.000000
7.850000 0.000000 0.000000
0.000000 0.000000 0.000000


3 -1 45 0 0 0 3
0.000000 0.000000 0.000000

1 0 0 0 10 0 -1 -1
5.000000 5.000000 1.000000 1.000000
0.000000 0.000000 1.000000
0.000000 0.000000 0.000000
0.000000 0.000000 0.000000

0.240000 0.000000 0.000000
0.010000 0.160000 0.000000
-0.800000 -0.330000 0.000000
0.250000 -0.520000 0.360000
0.000000 0.000000 0.000000
0.000000 0.000000 0.000000
0.000000 0.000000 0.000000
-0.010000 0.000000 0.000000
-0.170000 0.000000 0.000000
0.000000 0.000000 0.000000
-0.630000 0.000000 0.000000
-0.030000 0.000000 0.000000
0.140000 0.000000 0.000000
7.200000 0.000000 0.000000
-0.090000 0.000000 0.000000

1 0 0 0 10 0 -1 -1
20.000000 5.000000 1.000000 1.000000
0.000000 0.000000 1.000000
0.000000 0.000000 0.000000
0.000000 0.000000 0.000000

0.240000 0.000000 0.000000
0.010000 0.160000 0.000000
-0.800000 -0.330000 0.000000
0.250000 -0.520000 0.360000
0.000000 0.000000 0.000000
0.000000 0.000000 0.000000
0.000000 0.000000 0.000000
-0.010000 0.000000 0.000000
-0.170000 0.000000 0.000000
0.000000 0.000000 0.000000
-0.630000 0.000000 0.000000
-0.030000 0.000000 0.000000
0.140000 0.000000 0.000000
7.200000 0.000000 0.000000
-0.090000 0.000000 0.000000

1 0 0 0 10 0 -1 -1
30.000000 5.000000 1.000000 1.000000
0.000000 0.000000 1.000000
0.000000 0.000000 0.000000
0.000000 -0.000000 0.000000

0.340000 0.000000 0.000000
0.160000 0.000000 0.000000
-0.190000 0.000000 0.000000
0.060000 0.000000 0.000000
-0.460000 0.000000 0.000000
-0.180000 0.250000 0.000000
0.000000 0.000000 0.000000
-0.010000 0.000000 0.000000
-0.360000 0.000000 0.000000
0.000000 0.000000 0.000000
-0.240000 0.000000 0.000000
0.000000 0.000000 0.000000
0.000000 0.000000 0.000000
7.540000 0.000000 0.000000
0.000000 0.000000 0.000000


2 0 0 0 0 0 10
0.000000 0.000000 0.000000

1 0 0 0 10 0 -1 -1
15.000000 5.000000 1.000000 1.000000
0.000000 0.000000 1.000000
0.000000 0.000000 0.000000
0.000000 0.000000 0.000000

1.639999 0.000000 0.000000
-0.230000 0.000000 0.000000
-0.620000 0.000000 0.000000
0.060000 0.000000 0.000000
-0.590000 0.000000 0.000000
0.380000 0.500000 0.000000
0.320000 -0.260000 0.000000
-1.009999 0.000000 0.000000
0.670000 0.080000 -0.200000
-0.770000 0.000000 0.000000
-0.880000 0.000000 0.000000
0.330000 0.000000 0.240000
-0.510000 0.000000 0.000000
8.450000 0.000000 0.000000
1.269999 0.000000 0.000000

1 0 0 0 10 0 -1 -1
70.000000 5.000000 1.000000 1.000000
0.000000 0.000000 1.000000
0.000000 0.000000 0.000000
0.000000 0.000000 0.000000

1.069999 0.000000 0.000000
-0.230000 0.000000 0.000000
-0.620000 0.000000 0.000000
0.060000 0.000000 0.000000
-0.590000 0.000000 0.000000
-0.710000 0.500000 0.000000
-0.670000 -0.260000 0.000000
-0.530000 0.000000 0.000000
1.209999 0.080000 -0.200000
-0.880000 0.000000 0.000000
-0.840000 0.000000 0.000000
1.419999 0.000000 0.240000
-0.879999 0.000000 0.000000
8.320000 0.000000 0.000000
-0.140000 0.000000 0.000000


3 0 0 11 11 11 3
0.000000 0.000000 0.000000

1 0 0 0 10 0 -1 -1
3.000000 5.000000 1.000000 1.000000
0.000000 0.000000 1.000000
0.000000 0.000000 0.000000
0.000000 0.000000 0.000000

0.020000 0.000000 0.000000
0.050000 0.000000 0.000000
-0.790000 0.000000 0.000000
0.410000 0.000000 0.000000
-0.160000 0.000000 0.000000
-0.600000 0.849999 -0.350000
-0.570000 -0.740000 0.000000
0.010000 0.000000 0.000000
0.620000 0.000000 0.000000
-0.670000 0.000000 0.000000
0.010000 0.000000 0.000000
0.610000 0.000000 0.000000
-0.710000 0.000000 0.000000
7.460000 0.000000 0.000000
0.230000 0.000000 0.000000

1 0 0 0 10 0 -1 -1
40.000000 5.000000 1.000000 1.000000
0.000000 0.000000 1.000000
0.000000 0.000000 0.000000
0.000000 -17.700031 0.000000

0.020000 0.000000 0.000000
0.390000 0.000000 0.000000
-0.660000 0.000000 0.000000
0.410000 0.000000 0.000000
-0.160000 0.000000 0.000000
-0.600000 0.849999 -0.350000
-0.570000 -0.740000 0.000000
0.140000 0.000000 -0.240000
1.689999 0.000000 0.000000
-0.730000 0.000000 0.000000
0.150000 0.000000 0.470000
1.439999 0.000000 0.000000
-0.730000 0.000000 0.000000
8.270000 0.000000 0.000000
0.000000 0.000000 0.000000

1 0 0 0 10 0 -1 -1
120.000000 5.000000 1.000000 1.000000
0.000000 0.000000 1.000000
0.000000 0.000000 0.000000
0.000000 -17.700031 0.000000

0.020000 0.000000 0.000000
0.390000 0.000000 0.000000
-0.660000 0.000000 0.000000
0.410000 0.000000 0.000000
-0.160000 0.000000 0.000000
-0.600000 0.849999 -0.350000
-0.570000 -0.740000 0.000000
0.140000 0.000000 -0.240000
1.689999 0.000000 0.000000
-0.730000 0.000000 0.000000
0.150000 0.000000 0.470000
1.439999 0.000000 0.000000
-0.730000 0.000000 0.000000
8.270000 0.000000 0.000000
0.000000 0.000000 0.000000


2 0 0 0 0 0 3
0.000000 0.000000 0.000000

1 0 0 0 10 0 -1 -1
25.000000 5.000000 1.000000 1.000000
0.000000 0.000000 1.000000
0.000000 0.000000 0.000000
0.000000 -17.700031 0.000000

0.020000 0.000000 0.000000
0.390000 0.000000 0.000000
-0.660000 0.000000 0.000000
0.410000 0.000000 0.000000
-0.160000 0.000000 0.000000
-0.600000 0.849999 -0.350000
-0.570000 -0.740000 0.000000
0.140000 0.000000 -0.240000
1.689999 0.000000 0.000000
-0.730000 0.000000 0.000000
0.150000 0.000000 0.470000
1.439999 0.000000 0.000000
-0.730000 0.000000 0.000000
8.270000 0.000000 0.000000
0.000000 0.000000 0.000000

1 0 0 0 10 0 -1 -1
35.000000 5.000000 1.000000 1.000000
0.000000 0.000000 1.000000
0.000000 0.000000 0.000000
0.000000 0.000000 0.000000

0.020000 0.000000 0.000000
0.050000 0.000000 0.000000
-0.790000 0.000000 0.000000
0.410000 0.000000 0.000000
-0.160000 0.000000 0.000000
-0.600000 0.849999 -0.350000
-0.570000 -0.740000 0.000000
0.010000 0.000000 0.000000
0.620000 0.000000 0.000000
-0.670000 0.000000 0.000000
0.010000 0.000000 0.000000
0.610000 0.000000 0.000000
-0.710000 0.000000 0.000000
7.460000 0.000000 0.000000
0.230000 0.000000 0.000000


3 25 150 0 13 15 3
0.000000 0.000000 0.000000

1 0 0 0 10 0 -1 -1
3.000000 5.000000 1.000000 1.000000
0.000000 0.000000 1.000000
0.000000 0.000000 0.000000
0.000000 -2.800000 0.000000

-0.310000 0.000000 0.000000
0.250000 0.000000 0.000000
0.000000 0.000000 0.000000
0.000000 0.000000 0.000000
0.000000 0.000000 0.000000
0.000000 0.000000 0.000000
0.000000 0.000000 0.000000
0.630000 0.000000 0.000000
-0.440000 0.000000 0.000000
-0.030000 0.000000 0.000000
0.630000 0.000000 0.000000
-0.440000 0.000000 0.000000
-0.030000 0.000000 0.000000
7.180000 0.000000 0.000000
-0.200000 0.000000 0.000000

1 0 19 301 19 0 -1 2
18.000000 34.000057 1.210000 0.400001
0.000000 0.000000 1.000000
0.000000 0.000000 7.099996
0.000000 -2.800000 0.000000

-0.370000 0.000000 0.000000
0.610000 -0.360000 0.000000
-0.220000 -0.560000 0.000000
-0.160000 -0.200000 0.000000
0.000000 0.000000 0.000000
0.000000 0.000000 0.000000
0.000000 0.000000 0.000000
0.040000 0.000000 0.000000
-0.440000 0.000000 0.000000
0.280000 0.000000 0.000000
-0.320000 0.000000 0.000000
-0.260000 0.000000 0.000000
-0.999999 0.000000 0.000000
7.390000 -0.490000 0.000000
0.000000 -0.530000 0.000000

1 0 0 0 10 0 -1 -1
30.000000 5.000000 1.000000 1.000000
0.000000 0.000000 1.000000
0.000000 0.000000 0.000001
0.000000 -2.800000 0.000000

-0.370000 0.000000 0.000000
0.610000 -0.360000 0.000000
-0.220000 -0.560000 0.000000
-0.160000 -0.200000 0.000000
0.000000 0.000000 0.000000
0.000000 0.000000 0.000000
0.000000 0.000000 0.000000
0.040000 0.000000 0.000000
-0.440000 0.000000 0.000000
0.280000 0.000000 0.000000
-0.320000 0.000000 0.000000
-0.260000 0.000000 0.000000
-0.999999 0.000000 0.000000
7.390000 -0.490000 0.000000
0.000000 -0.530000 0.000000


3 15 114 0 14 16 3
0.000000 0.000000 0.000000

1 0 0 0 10 0 -1 -1
1.000000 5.000000 1.000000 1.000000
0.000000 0.000000 1.000000
0.000000 0.000000 0.000001
0.000000 -2.800000 0.000000

-0.370000 0.000000 0.000000
0.610000 -0.360000 0.000000
-0.220000 -0.560000 0.000000
-0.160000 -0.200000 0.000000
0.000000 0.000000 0.000000
0.000000 0.000000 0.000000
0.000000 0.000000 0.000000
0.040000 0.000000 0.000000
-0.440000 0.000000 0.000000
0.280000 0.000000 0.000000
-0.320000 0.000000 0.000000
-0.260000 0.000000 0.000000
-0.999999 0.000000 0.000000
7.390000 -0.490000 0.000000
0.000000 -0.530000 0.000000

1 0 9 301 9 0 -1 2
8.000000 35.000042 1.310000 0.600000
0.000000 0.000000 1.000000
0.000000 0.000000 6.099997
0.000000 -2.800000 0.000000

0.230000 0.000000 0.000000
0.510000 0.010000 0.000000
-0.010000 0.350000 0.050000
0.140000 0.170000 0.520000
0.000000 0.000000 0.000000
0.000000 0.000000 0.000000
0.000000 0.000000 0.000000
-0.320000 0.000000 0.000000
-0.260000 0.000000 0.000000
-0.999999 0.000000 0.000000
-0.360000 0.000000 0.000000
-0.390000 0.000000 0.000000
0.280000 0.000000 0.000000
7.700000 0.360000 0.000000
0.000000 0.570000 0.000000

1 0 0 0 10 0 -1 -1
30.000000 5.000000 1.000000 1.000000
0.000000 0.000000 1.000000
0.000000 0.000000 0.000000
0.000000 -2.800000 0.000000

0.230000 0.000000 0.000000
0.510000 0.010000 0.000000
-0.010000 0.350000 0.050000
0.140000 0.170000 0.520000
0.000000 0.000000 0.000000
0.000000 0.000000 0.000000
0.000000 0.000000 0.000000
-0.320000 0.000000 0.000000
-0.260000 0.000000 0.000000
-0.999999 0.000000 0.000000
-0.360000 0.000000 0.000000
-0.390000 0.000000 0.000000
0.280000 0.000000 0.000000
7.700000 0.360000 0.000000
0.000000 0.570000 0.000000


5 35 75 0 -1 -1 3
0.000000 0.000000 0.000000

1 0 0 0 10 0 -1 -1
10.000000 5.000000 1.000000 1.000000
0.000000 0.000000 1.000000
0.000000 0.000000 0.000000
0.000000 -2.800000 0.000000

0.230000 0.000000 0.000000
0.510000 0.010000 0.000000
-0.010000 0.350000 0.050000
0.140000 0.170000 0.520000
0.000000 0.000000 0.000000
0.000000 0.000000 0.000000
0.000000 0.000000 0.000000
-0.320000 0.000000 0.000000
-0.260000 0.000000 0.000000
-0.999999 0.000000 0.000000
-0.360000 0.000000 0.000000
-0.390000 0.000000 0.000000
0.280000 0.000000 0.000000
7.700000 0.360000 0.000000
0.000000 0.570000 0.000000

1 0 9 1305 15 0 -1 2
5.000000 32.000088 1.510000 0.400001
0.000000 5.099998 8.099996
0.000000 0.000000 10.000002
13.300014 0.000000 21.700047

0.000000 -1.499999 0.000000
-0.140000 0.000000 0.000000
0.190000 0.000000 0.000000
-0.100000 0.000000 0.000000
0.000000 0.000000 0.000000
0.000000 0.000000 0.000000
0.000000 0.000000 0.000000
0.580000 0.000000 0.000000
0.160000 0.000000 0.000000
-0.949999 0.000000 0.000000
-0.380000 0.000000 0.000000
-0.150000 0.000000 0.000000
-0.120000 0.000000 0.000000
7.750000 0.000000 0.000000
0.330000 0.000000 0.000000

1 0 8 1305 15 0 -1 -1
5.000000 32.000088 1.510000 0.400001
0.000000 5.099998 8.099996
0.000000 0.000000 0.000000
-5.399997 0.000000 18.900036

0.000000 3.043188 0.000000
-0.140000 0.000000 0.000000
0.190000 0.000000 0.000000
-0.100000 0.000000 0.000000
0.000000 0.000000 0.000000
0.000000 0.000000 0.000000
0.000000 0.000000 0.000000
0.580000 0.000000 0.000000
0.160000 0.000000 0.000000
-0.949999 0.000000 0.000000
-0.380000 0.000000 0.000000
-0.150000 0.000000 0.000000
-0.120000 0.000000 0.000000
7.750000 0.000000 0.000000
0.330000 0.000000 0.000000

1 0 8 1305 10 0 -1 -1
5.000000 32.000088 1.510000 0.400001
0.000000 5.099998 8.099996
0.000000 0.000000 0.000000
-9.299999 0.000000 -0.500000

0.000000 1.343190 0.000000
-0.140000 0.000000 0.000000
0.190000 0.000000 0.000000
-0.100000 0.000000 0.000000
0.000000 0.000000 0.000000
0.000000 0.000000 0.000000
0.000000 0.000000 0.000000
0.580000 0.000000 0.000000
0.160000 0.000000 0.000000
-0.949999 0.000000 0.000000
-0.380000 0.000000 0.000000
-0.150000 0.000000 0.000000
-0.120000 0.000000 0.000000
7.750000 0.000000 0.000000
0.330000 0.000000 0.000000

1 0 0 1305 4 0 -1 -1
22.000000 32.000088 2.010000 1.000000
0.000000 0.000000 1.000000
0.000000 0.000000 0.000000
-9.299999 0.000000 0.000000

0.000000 -0.256809 0.000000
-0.140000 0.000000 0.000000
0.190000 0.000000 0.000000
-0.100000 0.000000 0.000000
0.000000 0.000000 0.000000
0.000000 0.000000 0.000000
0.000000 0.000000 0.000000
0.580000 0.000000 0.000000
0.160000 0.000000 0.000000
-0.949999 0.000000 0.000000
-0.380000 0.000000 0.000000
-0.150000 0.000000 0.000000
-0.120000 0.000000 0.000000
8.090000 -0.410000 0.000000
0.330000 -0.660000 0.000000


3 0 0 0 0 0 3
0.000000 0.000000 0.000000

1 0 0 0 10 0 -1 -1
1.000000 5.000000 1.000000 1.000000
0.000000 0.000000 1.000000
0.000000 0.000000 0.000001
0.000000 -2.800000 0.000000

-0.370000 0.000000 0.000000
0.610000 -0.360000 0.000000
-0.220000 -0.560000 0.000000
-0.160000 -0.200000 0.000000
0.000000 0.000000 0.000000
0.000000 0.000000 0.000000
0.000000 0.000000 0.000000
0.040000 0.000000 0.000000
-0.440000 0.000000 0.000000
0.280000 0.000000 0.000000
-0.320000 0.000000 0.000000
-0.260000 0.000000 0.000000
-0.999999 0.000000 0.000000
7.390000 -0.490000 0.000000
0.000000 -0.530000 0.000000

1 1 7 301 10 0 -1 2
6.000000 32.000088 2.009999 0.400001
0.000000 0.000000 1.500000
0.000000 0.000000 15.000022
0.000000 -2.800000 0.000000

-0.370000 0.330000 0.000000
0.610000 0.300000 0.000000
-0.220000 0.160000 0.000000
-0.160000 0.180000 0.000000
0.000000 0.000000 0.000000
0.000000 0.000000 0.000000
0.000000 0.000000 0.000000
-1.019999 0.000000 0.000000
0.909999 0.000000 0.000000
-0.810000 0.000000 0.000000
0.830000 0.000000 0.000000
-0.510000 0.000000 0.000000
0.020000 0.000000 0.000000
7.390000 -0.490000 0.000000
0.000000 -0.530000 0.000000

1 0 0 0 10 0 -1 -1
22.000000 5.000000 1.000000 1.000000
0.000000 0.000000 1.000000
0.000000 0.000000 0.000001
0.000000 -2.800000 0.000000

-0.370000 0.330000 0.000000
0.610000 0.300000 0.000000
-0.220000 0.160000 0.000000
-0.160000 0.180000 0.000000
0.000000 0.000000 0.000000
0.000000 0.000000 0.000000
0.000000 0.000000 0.000000
-1.019999 0.000000 0.000000
0.909999 0.000000 0.000000
-0.810000 0.000000 0.000000
0.830000 0.000000 0.000000
-0.510000 0.000000 0.000000
0.020000 0.000000 0.000000
7.390000 -0.490000 0.000000
0.000000 -0.530000 0.000000


4 0 0 0 0 0 3
0.000000 0.000000 0.000000

1 0 0 0 10 0 -1 -1
1.000000 5.000000 1.000000 1.000000
0.000000 0.000000 1.000000
0.000000 0.000000 0.000000
0.000000 -2.800000 0.000000

0.230000 0.000000 0.000000
0.510000 0.010000 0.000000
-0.010000 0.350000 0.050000
0.140000 0.170000 0.520000
0.000000 0.000000 0.000000
0.000000 0.000000 0.000000
0.000000 0.000000 0.000000
-0.320000 0.000000 0.000000
-0.260000 0.000000 0.000000
-0.999999 0.000000 0.000000
-0.360000 0.000000 0.000000
-0.390000 0.000000 0.000000
0.280000 0.000000 0.000000
7.700000 0.360000 0.000000
0.000000 0.570000 0.000000

1 0 11 301 11 0 -1 2
10.000000 35.000042 2.509999 0.300001
0.000000 0.600000 1.700000
0.000000 0.000000 20.000040
0.000000 0.000000 0.000000

-0.560000 0.000000 0.000000
0.390000 0.000000 0.000000
0.450000 0.000000 0.000000
-0.899999 0.000000 0.000000
0.000000 0.000000 0.000000
0.000000 0.000000 0.000000
0.000000 0.000000 0.000000
-0.590000 0.000000 0.000000
0.050000 0.000000 0.000000
-0.480000 0.000000 0.000000
-0.370000 0.000000 0.000000
-0.110000 0.000000 0.000000
-0.210000 0.000000 0.000000
6.980001 0.000000 0.000000
-0.510000 0.000000 0.000000

1 0 0 0 10 0 -1 -1
6.000000 5.000000 1.000000 1.000000
0.000000 0.000000 1.000000
0.000000 0.000000 0.000000
0.000000 0.000000 0.000000

-0.560000 0.000000 0.000000
0.390000 0.000000 0.000000
0.450000 0.000000 0.000000
-0.680000 0.000000 0.000000
-0.160000 0.000000 0.000000
0.000000 0.000000 0.000000
0.000000 0.000000 0.000000
0.340000 0.000000 0.000000
0.050000 0.000000 0.000000
0.000000 0.000000 0.000000
-0.020000 0.000000 0.000000
-0.110000 0.000000 0.000000
-0.210000 0.000000 0.000000
7.220000 0.000000 0.000000
-0.520000 0.000000 0.000000

0 0 0 0 10 0 -1 -1
30.000000 5.000000 1.000000 1.000000
0.000000 0.000000 1.000000
0.000000 0.000000 0.000000
0.000000 0.000000 0.000000

-0.560000 0.000000 0.000000
0.390000 0.000000 0.000000
0.450000 0.000000 0.000000
-0.680000 0.000000 0.000000
-0.160000 0.000000 0.000000
0.000000 0.000000 0.000000
0.000000 0.000000 0.000000
0.340000 0.000000 0.000000
0.050000 0.000000 0.000000
0.000000 0.000000 0.000000
-0.020000 0.000000 0.000000
-0.110000 0.000000 0.000000
-0.210000 0.000000 0.000000
7.220000 0.000000 0.000000
-0.520000 0.000000 0.000000


3 0 0 -1 0 0 18
0.000000 0.000000 0.000000

1 0 0 0 10 0 -1 9
5.000000 5.000000 1.000000 1.000000
0.000000 0.000000 1.000000
0.000000 0.000000 0.000000
0.000000 -10.900005 0.000000

0.430000 0.000000 0.000000
0.420000 0.000000 0.000000
0.200000 0.000000 0.000000
-0.590000 0.000000 0.000000
0.070000 0.000000 0.000000
-0.120000 0.000000 0.000000
-0.050000 0.000000 0.000000
0.370000 0.000000 0.000000
-0.989999 0.000000 0.000000
0.220000 0.000000 0.000000
-0.480000 0.000000 0.000000
-1.159999 0.000000 0.000000
0.590000 0.000000 0.000000
8.130000 0.000000 0.000000
-0.590000 0.000000 0.000000

1 0 0 301 80 0 -1 -1
10.000000 34.000057 4.009997 0.400001
0.000000 0.000000 1.000000
0.000000 8.099995 18.000032
-2.500000 -0.100000 -2.300000

-0.370000 0.000000 0.000000
-0.030000 0.000000 0.000000
0.300000 0.000000 0.000000
-0.520000 0.000000 0.000000
-0.420000 0.000000 0.000000
-0.130000 0.000000 0.000000
-0.060000 0.000000 0.000000
-1.029999 0.000000 0.000000
-0.170000 0.000000 0.000000
-0.560000 0.000000 0.000000
-0.340000 0.000000 0.000000
-0.450000 0.000000 0.000000
-0.860000 0.000000 0.000000
7.400000 0.000000 0.000000
-0.170000 0.000000 0.000000

1 0 0 301 0 0 -1 -1
40.000000 34.000057 4.009997 0.030001
0.000000 0.000000 1.000000
0.000000 -6.099996 0.000000
-2.500000 -0.100000 -2.300000

-1.089999 0.000000 0.000000
-0.030000 0.000000 0.000000
0.300000 0.000000 0.000000
-0.520000 0.000000 0.000000
-0.420000 0.000000 0.000000
-0.130000 0.000000 0.000000
-0.060000 0.000000 0.000000
-1.029999 0.000000 0.000000
-0.170000 0.000000 0.000000
-0.560000 0.000000 0.000000
-0.340000 0.000000 0.000000
-0.450000 0.000000 0.000000
-0.860000 0.000000 0.000000
7.400000 0.000000 0.000000
-0.170000 0.000000 0.000000


3 0 0 0 0 0 3
0.000000 0.000000 0.000000

1 0 0 0 10 0 -1 -1
1.000000 5.000000 1.000000 0.350001
0.000000 0.000000 1.000000
0.000000 0.000000 5.099998
0.000000 0.000000 0.000000

-0.070000 0.000000 0.000000
0.330000 0.000000 0.000000
-0.400000 0.000000 0.000000
0.140000 0.000000 0.000000
-0.260000 0.000000 0.000000
0.000000 0.000000 0.000000
0.000000 0.000000 0.000000
-0.660000 0.000000 0.000000
0.200000 0.000000 0.000000
-0.110000 0.000000 0.000000
-0.210000 0.000000 0.000000
0.000000 0.000000 0.000000
0.000000 0.000000 0.000000
7.000001 0.000000 0.000000
-0.500000 0.000000 0.000000

1 0 6 301 5 0 9 2
5.000000 35.000042 4.009997 1.000000
0.000000 4.499998 4.499998
0.000000 0.000000 0.000000
0.000000 -1.900000 0.000000

-0.070000 0.000000 0.000000
-0.130000 0.000000 0.000000
-0.100000 0.000000 0.000000
0.340000 0.000000 0.000000
0.070000 0.000000 0.000000
0.000000 0.000000 0.000000
0.000000 0.000000 0.000000
0.060000 0.000000 0.000000
0.000000 0.000000 0.000000
0.000000 0.000000 0.000000
0.050000 0.000000 0.000000
0.000000 0.000000 0.000000
0.000000 0.000000 0.000000
7.000001 0.000000 0.000000
-0.500000 0.000000 0.000000

1 0 0 301 20 0 -1 -1
10.000000 35.000042 5.000020 1.000000
0.000000 0.400000 1.000000
0.000000 0.000000 0.000000
0.000000 -1.900000 0.000000

-0.070000 0.000000 0.000000
0.290000 0.000000 0.000000
0.010000 -0.160000 0.000000
0.350000 -0.630000 -0.470000
0.070000 0.000000 0.000000
0.000000 0.000000 0.000000
0.000000 0.000000 0.000000
0.060000 0.000000 0.000000
0.000000 0.000000 0.000000
0.000000 0.000000 0.000000
0.050000 0.000000 0.000000
0.000000 0.000000 0.000000
0.000000 0.000000 0.000000
7.000001 0.000000 0.000000
-0.500000 0.000000 0.000000


5 26 60 5 19 -1 3
0.000000 0.000000 0.000000

1 0 0 0 10 1 -1 -1
8.000000 5.000000 1.000000 1.000000
0.000000 0.000000 1.000000
0.000000 0.000000 0.000000
0.000000 0.000000 0.000000

1.599999 0.000000 0.000000
-0.580000 0.000000 0.000000
-0.640000 0.000000 0.000000
-1.069999 0.000000 0.000000
0.010000 0.000000 0.000000
0.000000 0.000000 0.000000
0.000000 0.000000 0.000000
0.000000 0.000000 0.000000
0.000000 0.000000 0.000000
0.000000 0.000000 0.000000
0.000000 0.000000 0.000000
0.000000 0.000000 0.000000
0.000000 0.000000 0.000000
6.590001 0.000000 0.000000
-0.076809 0.000000 0.000000

1 0 6 1304 30 1 -1 2
5.000000 25.000061 2.209999 1.000000
0.000000 4.599998 3.599999
0.000000 0.000000 0.000000
0.000000 0.000000 0.000000

-2.593189 0.000000 0.000000
-0.580000 0.000000 0.000000
-0.640000 0.000000 0.000000
-1.069999 0.000000 0.000000
0.010000 0.000000 0.000000
0.000000 0.000000 0.000000
0.000000 0.000000 0.000000
0.000000 0.000000 0.000000
0.000000 0.000000 0.000000
0.000000 0.000000 0.000000
0.000000 0.000000 0.000000
0.000000 0.000000 0.000000
0.000000 0.000000 0.000000
6.900001 0.000000 0.000000
0.213191 0.000000 0.000000

1 0 7 1304 30 1 -1 -1
6.000000 25.000061 2.209999 1.000000
0.000000 4.599998 3.599999
0.000000 0.000000 0.000000
0.000000 0.000000 0.000000

-0.653190 0.000000 0.000000
-0.580000 0.000000 0.000000
-0.640000 0.000000 0.000000
-1.069999 0.000000 0.000000
0.010000 0.000000 0.000000
0.000000 0.000000 0.000000
0.000000 0.000000 0.000000
0.000000 0.000000 0.000000
0.000000 0.000000 0.000000
0.000000 0.000000 0.000000
0.000000 0.000000 0.000000
0.000000 0.000000 0.000000
0.000000 0.000000 0.000000
7.610000 0.000000 0.000000
-0.266809 0.000000 0.000000

1 0 8 1304 30 0 -1 -1
7.000000 25.000061 2.209999 1.000000
0.000000 0.800000 1.000000
0.000000 0.000000 0.000000
0.000000 0.000000 0.000000

0.246809 0.000000 0.000000
-0.290000 0.000000 0.000000
-0.120000 0.000000 0.000000
-0.620000 0.000000 0.000000
0.010000 0.000000 0.000000
0.000000 0.000000 0.000000
0.000000 0.000000 0.000000
0.000000 0.000000 0.000000
0.000000 0.000000 0.000000
0.000000 0.000000 0.000000
0.000000 0.000000 0.000000
0.000000 0.000000 0.000000
0.000000 0.000000 0.000000
7.610000 0.000000 0.000000
-0.266809 0.000000 0.000000

1 0 8 1304 30 0 -1 -1
15.000000 25.000061 2.209999 1.000000
0.000000 0.800000 1.000000
0.000000 0.000000 0.000000
0.000000 0.000000 0.000000

0.246809 0.000000 0.000000
-0.290000 0.000000 0.000000
-0.120000 0.000000 0.000000
-0.620000 0.000000 0.000000
0.010000 0.000000 0.000000
0.000000 0.000000 0.000000
0.000000 0.000000 0.000000
0.000000 0.000000 0.000000
0.000000 0.000000 0.000000
0.000000 0.000000 0.000000
0.000000 0.000000 0.000000
0.000000 0.000000 0.000000
0.000000 0.000000 0.000000
7.610000 0.000000 0.000000
-0.266809 0.000000 0.000000


2 0 0 -1 0 0 14
0.000000 0.000000 0.000000

1 0 0 0 10 0 -1 4
3.000000 5.000000 1.000000 0.400001
0.000000 0.000000 1.000000
0.000000 -9.099998 12.000010
-2.500000 -0.100000 -2.300000

-0.370000 0.000000 0.000000
-0.030000 0.000000 0.000000
0.300000 0.000000 0.000000
-0.520000 0.000000 0.000000
-0.420000 0.000000 0.000000
-0.130000 0.000000 0.000000
-0.060000 0.000000 0.000000
-1.029999 0.000000 0.000000
-0.170000 0.000000 0.000000
-0.560000 0.000000 0.000000
-0.340000 0.000000 0.000000
-0.450000 0.000000 0.000000
-0.860000 0.000000 0.000000
7.400000 0.000000 0.000000
-0.170000 0.000000 0.000000

1 0 0 301 40 0 -1 8
10.000000 30.000080 4.600011 0.000001
0.000000 0.000000 1.000000
0.000000 -0.000000 0.000000
-2.500000 -0.100000 -2.300000

-0.370000 0.000000 0.000000
-0.030000 0.000000 0.000000
0.300000 0.000000 0.000000
-0.520000 0.000000 0.000000
-0.420000 0.000000 0.000000
-0.130000 0.000000 0.000000
-0.060000 0.000000 0.000000
-1.029999 0.000000 0.000000
-0.170000 0.000000 0.000000
-0.560000 0.000000 0.000000
-0.340000 0.000000 0.000000
-0.450000 0.000000 0.000000
-0.860000 0.000000 0.000000
7.400000 0.000000 0.000000
-0.170000 0.000000 0.000000


5 0 0 0 0 0 3
0.000000 0.000000 0.000000

1 0 0 0 10 0 -1 -1
1.000000 5.000000 1.000000 1.000000
0.000000 0.000000 1.000000
0.000000 0.000000 0.000000
0.000000 0.000000 0.000000

0.000000 0.000000 0.000000
0.000000 0.000000 0.000000
0.000000 0.000000 0.000000
0.000000 0.000000 0.000000
0.000000 0.000000 0.000000
0.000000 0.000000 0.000000
0.000000 0.000000 0.000000
0.000000 0.000000 0.000000
0.000000 0.000000 0.000000
0.000000 0.000000 0.000000
0.000000 0.000000 0.000000
0.000000 0.000000 0.000000
0.000000 0.000000 0.000000
7.850000 0.000000 0.000000
0.000000 0.000000 0.000000

1 0 0 1304 35 0 -1 -1
8.000000 25.000061 4.009997 0.050001
0.000000 0.000000 1.000000
0.000000 4.999998 8.099995
0.000000 0.000000 0.000000

1.599999 0.000000 0.000000
-0.580000 0.000000 0.000000
-0.640000 0.000000 0.000000
-1.069999 0.000000 0.000000
0.010000 0.000000 0.000000
0.000000 0.000000 0.000000
0.000000 0.000000 0.000000
0.000000 0.000000 0.000000
0.000000 0.000000 0.000000
0.000000 0.000000 0.000000
0.000000 0.000000 0.000000
0.000000 0.000000 0.000000
0.000000 0.000000 0.000000
6.590001 0.000000 0.000000
-0.076809 0.000000 0.000000

1 0 6 1304 15 1 -1 -1
5.000000 25.000061 4.009997 0.050001
0.000000 5.599997 6.099997
0.000000 0.000000 0.000000
0.000000 0.000000 0.000000

-2.593189 0.000000 0.000000
-0.580000 0.000000 0.000000
-0.640000 0.000000 0.000000
-1.069999 0.000000 0.000000
0.010000 0.000000 0.000000
0.000000 0.000000 0.000000
0.000000 0.000000 0.000000
0.000000 0.000000 0.000000
0.000000 0.000000 0.000000
0.000000 0.000000 0.000000
0.000000 0.000000 0.000000
0.000000 0.000000 0.000000
0.000000 0.000000 0.000000
6.900001 0.000000 0.000000
0.213191 0.000000 0.000000

1 0 7 1304 8 1 -1 -1
6.000000 25.000061 4.009997 0.050001
0.000000 5.599997 6.099997
0.000000 0.000000 0.000000
0.000000 0.000000 0.000000

-0.653190 0.000000 0.000000
-0.580000 0.000000 0.000000
-0.640000 0.000000 0.000000
-1.069999 0.000000 0.000000
0.010000 0.000000 0.000000
0.000000 0.000000 0.000000
0.000000 0.000000 0.000000
0.000000 0.000000 0.000000
0.000000 0.000000 0.000000
0.000000 0.000000 0.000000
0.000000 0.000000 0.000000
0.000000 0.000000 0.000000
0.000000 0.000000 0.000000
7.610000 0.000000 0.000000
-0.266809 0.000000 0.000000

1 0 8 1304 30 0 -1 -1
7.000000 25.000061 4.009997 0.100001
0.000000 0.000000 1.000000
0.000000 0.000000 0.000000
0.000000 0.000000 0.000000

0.246809 0.000000 0.000000
-0.290000 0.000000 0.000000
-0.120000 0.000000 0.000000
-0.620000 0.000000 0.000000
0.010000 0.000000 0.000000
0.000000 0.000000 0.000000
0.000000 0.000000 0.000000
0.000000 0.000000 0.000000
0.000000 0.000000 0.000000
0.000000 0.000000 0.000000
0.000000 0.000000 0.000000
0.000000 0.000000 0.000000
0.000000 0.000000 0.000000
7.610000 0.000000 0.000000
-0.266809 0.000000 0.000000


3 0 0 0 0 0 3
0.000000 0.000000 0.000000

1 0 10 0 10 0 -1 -1
30.000000 5.000000 1.000000 1.000000
0.000000 0.000000 1.000000
0.000000 0.000000 0.000000
0.000000 0.000000 0.000000

-0.210000 0.000000 0.000000
0.360000 0.000000 0.000000
-1.029999 0.000000 0.000000
0.460000 0.000000 0.000000
-0.060000 0.000000 0.000000
-0.360000 0.000000 0.000000
-0.790000 0.000000 0.000000
-0.150000 0.000000 0.000000
0.000000 0.000000 0.000000
0.000000 0.000000 0.000000
-0.150000 0.000000 0.000000
0.000000 0.000000 0.000000
0.000000 0.000000 0.000000
8.010000 0.000000 0.000000
-0.020000 0.000000 0.000000

1 0 10 0 10 0 -1 99
30.000000 5.000000 1.000000 1.000000
0.000000 0.000000 1.000000
0.000000 0.000000 0.000000
0.000000 0.000000 0.000000

0.580000 0.000000 0.000000
0.150000 0.000000 0.000000
0.110000 0.000000 0.000000
0.400000 0.000000 0.000000
-0.660000 0.000000 0.000000
0.000000 0.000000 0.000000
0.000000 0.000000 0.000000
-0.849999 0.000000 0.000000
0.280000 0.000000 0.000000
0.000000 0.000000 0.000000
-0.620000 0.000000 0.000000
0.000000 0.000000 0.000000
0.000000 0.000000 0.000000
7.050000 0.000000 0.000000
0.000000 0.000000 0.000000

1 0 10 0 10 0 -1 100
30.000000 5.000000 1.000000 1.000000
0.000000 0.000000 1.000000
0.000000 0.000000 0.000000
0.000000 0.000000 0.000000

0.580000 0.000000 0.000000
0.150000 0.000000 0.000000
0.110000 0.000000 0.000000
0.400000 0.000000 0.000000
-0.660000 0.000000 0.000000
0.000000 0.000000 0.000000
0.000000 0.000000 0.000000
-0.849999 0.000000 0.000000
0.280000 0.000000 0.000000
0.000000 0.000000 0.000000
-0.620000 0.000000 0.000000
0.000000 0.000000 0.000000
0.000000 0.000000 0.000000
7.050000 0.000000 0.000000
0.000000 0.000000 0.000000


2 0 0 0 0 0 3
0.000000 0.000000 0.000000

1 0 10 0 10 0 -1 -1
40.000000 5.000000 1.000000 1.000000
0.000000 0.000000 1.000000
0.000000 0.000000 0.000000
0.000000 0.000000 0.000000

0.000000 0.000000 0.000000
0.000000 0.000000 0.000000
0.000000 0.000000 0.000000
0.000000 0.000000 0.000000
0.000000 0.000000 0.000000
0.000000 0.000000 0.000000
0.000000 0.000000 0.000000
0.000000 0.000000 0.000000
0.000000 0.000000 0.000000
0.000000 0.000000 0.000000
0.000000 0.000000 0.000000
0.000000 0.000000 0.000000
0.000000 0.000000 0.000000
0.000000 0.000000 0.000000
0.000000 0.000000 0.000000

1 0 10 0 10 0 -1 -1
40.000000 5.000000 1.000000 1.000000
0.000000 0.000000 1.000000
0.000000 0.000000 0.000000
0.000000 0.000000 0.000000

0.000000 0.000000 0.000000
0.000000 0.000000 0.000000
0.000000 0.000000 0.000000
0.000000 0.000000 0.000000
0.000000 0.000000 0.000000
0.000000 0.000000 0.000000
0.000000 0.000000 0.000000
0.000000 0.000000 0.000000
0.000000 0.000000 0.000000
0.000000 0.000000 0.000000
0.000000 0.000000 0.000000
0.000000 0.000000 0.000000
0.000000 0.000000 0.000000
0.000000 0.000000 0.000000
0.000000 0.000000 0.000000


5 0 0 0 0 0 3
0.000000 0.000000 0.000000

1 0 10 0 10 1 -24 -1
30.000000 5.000000 1.000000 3.009998
0.000000 0.000000 1.000000
0.000000 0.000000 0.000000
0.000000 0.000000 5.699997

0.650000 0.000000 0.000000
0.410000 0.000000 0.000000
0.170000 0.000000 0.000000
0.400000 0.000000 0.000000
-0.560000 0.000000 0.000000
0.000000 0.000000 0.000000
0.000000 0.000000 0.000000
-0.909999 0.000000 0.000000
0.000000 0.000000 0.000000
0.180000 0.000000 0.000000
-0.949999 0.000000 0.000000
0.000000 0.000000 0.000000
0.190000 0.000000 0.000000
0.979999 0.000000 0.000000
0.000000 0.000000 0.000000

1 0 0 0 40 1 -1 10
2.000000 35.000042 1.000000 3.009999
0.000000 0.000000 1.000000
0.000000 0.000000 0.000000
0.000000 0.000000 0.000000

-0.220000 0.000000 0.000000
0.200000 0.320000 0.000000
0.230000 -0.250000 0.000000
0.340000 -0.400000 -0.550000
-0.730000 0.000000 0.000000
0.000000 0.000000 0.000000
0.000000 0.000000 0.000000
0.640000 0.000000 0.000000
1.039999 0.000000 0.000000
-0.620000 0.000000 0.000000
0.000000 0.000000 0.000000
0.000000 0.000000 0.000000
0.000000 0.000000 0.000000
0.720000 0.000000 0.360000
0.000000 0.000000 -0.500000

3 0 7 301 15 1 24 2
6.000000 35.000042 1.000000 0.100001
0.000000 4.099998 6.099997
0.000000 0.000000 8.499996
0.000000 0.000000 0.000000

-0.220000 0.000000 0.000000
0.200000 0.320000 0.000000
0.230000 -0.250000 0.000000
0.340000 -0.400000 -0.550000
-0.730000 0.000000 0.000000
0.000000 0.000000 0.000000
0.000000 0.000000 0.000000
0.640000 0.000000 0.000000
1.039999 0.000000 0.000000
-0.620000 0.000000 0.000000
0.000000 0.000000 0.000000
0.000000 0.000000 0.000000
0.000000 0.000000 0.000000
0.720000 0.000000 0.360000
0.000000 0.000000 -0.500000

1 0 0 301 6 1 9 -1
5.000000 35.000042 1.000000 0.400001
0.000000 0.000000 1.000000
0.000000 0.000000 0.000000
0.000000 0.000000 0.000000

-0.220000 0.000000 0.000000
0.200000 0.110000 0.000000
0.230000 -0.170000 0.000000
-0.350000 -0.030000 -0.979999
0.080000 0.000000 0.000000
0.000000 0.000000 0.000000
0.000000 0.000000 0.000000
0.320000 0.000000 0.000000
0.640000 0.000000 0.000000
-0.710000 0.000000 0.000000
-0.370000 0.000000 0.000000
0.230000 0.000000 0.000000
0.080000 0.000000 0.000000
-0.040000 0.000000 -0.430000
0.000000 0.000000 0.480000

1 0 10 0 10 0 -1 -1
3.000000 5.000000 1.000000 1.000000
0.000000 0.000000 1.000000
0.000000 0.000000 0.000000
0.000000 0.000000 0.000000

-0.220000 0.000000 0.000000
0.200000 0.110000 0.000000
0.230000 -0.170000 0.000000
-0.350000 -0.030000 -0.979999
0.080000 0.000000 0.000000
0.000000 0.000000 0.000000
0.000000 0.000000 0.000000
0.320000 0.000000 0.000000
0.640000 0.000000 0.000000
-0.710000 0.000000 0.000000
-0.370000 0.000000 0.000000
0.230000 0.000000 0.000000
0.080000 0.000000 0.000000
-0.040000 0.000000 -0.430000
0.000000 0.000000 0.480000


3 0 0 0 0 0 3
0.000000 0.000000 0.000000

1 0 10 0 10 1 -25 99
30.000000 5.000000 1.000000 3.009998
0.000000 0.000000 1.000000
0.000000 0.000000 0.000000
0.000000 0.000000 0.000000

-0.210000 0.000000 0.000000
0.360000 0.000000 0.000000
-1.029999 0.000000 0.000000
0.460000 0.000000 0.000000
-0.060000 0.000000 0.000000
-0.360000 0.000000 0.000000
-0.790000 0.000000 0.000000
0.170000 0.000000 0.000000
0.030000 0.000000 0.000000
0.030000 0.000000 0.000000
0.170000 0.000000 0.000000
0.030000 0.000000 0.000000
0.030000 0.000000 0.000000
8.010000 0.000000 0.000000
-0.020000 0.000000 0.000000

2 0 10 0 10 1 -1 100
8.000000 5.000000 1.000000 1.000000
0.000000 0.000000 1.000000
0.000000 0.000000 0.000000
0.000000 0.000000 0.000000

0.580000 0.000000 0.000000
0.150000 0.000000 0.000000
0.110000 0.000000 0.000000
0.400000 0.000000 0.000000
-0.660000 0.000000 0.000000
0.000000 0.000000 0.000000
0.000000 0.000000 0.000000
-0.849999 0.000000 0.000000
0.280000 0.000000 0.000000
0.000000 0.000000 0.000000
-0.620000 0.000000 0.000000
0.000000 0.000000 0.000000
0.000000 0.000000 0.000000
7.050000 0.000000 0.000000
0.000000 0.000000 0.000000

2 0 10 0 10 1 -1 -1
30.000000 5.000000 1.000000 1.000000
0.000000 0.000000 1.000000
0.000000 0.000000 0.000000
0.000000 0.000000 0.000000

0.580000 0.000000 0.000000
-0.110000 0.000000 0.000000
-0.070000 0.000000 0.000000
-0.020000 0.000000 0.000000
-0.240000 0.000000 0.000000
0.000000 0.000000 0.000000
0.000000 0.000000 0.000000
-0.849999 0.000000 0.000000
0.280000 0.000000 0.000000
0.000000 0.000000 0.000000
-0.620000 0.000000 0.000000
0.000000 0.000000 0.000000
0.000000 0.000000 0.000000
7.050000 0.000000 0.000000
0.000000 0.000000 0.000000


7 0 0 0 0 0 3
0.000000 0.000000 0.000000

1 0 10 0 10 1 -26 -1
30.000000 5.000000 1.000000 3.009998
0.000000 0.000000 1.000000
0.000000 0.000000 0.000000
0.000000 0.000000 5.799997

0.490000 0.330000 0.000000
0.000000 0.460000 0.000000
0.350000 0.250000 0.000000
-0.130000 0.220000 0.000000
-0.500000 0.000000 0.000000
0.000000 0.000000 0.000000
0.000000 0.000000 0.000000
0.170000 0.000000 0.000000
-0.010000 0.000000 0.000000
-0.849999 0.000000 0.000000
-0.710000 0.000000 0.000000
0.000000 0.000000 0.000000
0.060000 0.000000 0.000000
1.049999 0.000000 -0.690000
0.650000 0.000000 -0.740000

1 0 10 0 10 1 -1 10
3.000000 5.000000 1.000000 3.009998
0.000000 0.000000 1.000000
0.000000 0.000000 0.000000
0.000000 0.000000 5.799997

0.490000 0.330000 0.000000
0.000000 0.460000 0.000000
0.350000 0.250000 0.000000
-0.130000 0.220000 0.000000
-0.500000 0.000000 0.000000
0.000000 0.000000 0.000000
0.000000 0.000000 0.000000
0.170000 0.000000 0.000000
-0.010000 0.000000 0.000000
-0.849999 0.000000 0.000000
-0.710000 0.000000 0.000000
0.000000 0.000000 0.000000
0.060000 0.000000 0.000000
1.049999 0.000000 -0.690000
0.650000 0.000000 -0.740000

2 0 8 1306 40 1 -1 2
7.000000 28.000072 5.000020 0.100001
0.000000 6.099997 20.000040
0.000000 0.000000 11.500008
0.000000 0.000000 5.799997

0.490000 -1.209999 0.000000
-0.280000 -0.260000 0.000000
-0.100000 -0.640000 0.000000
-0.300000 -0.220000 0.000000
-0.020000 0.000000 0.000000
0.000000 0.000000 0.000000
0.000000 0.000000 0.000000
0.170000 0.000000 0.000000
-0.010000 0.000000 0.000000
-0.849999 0.000000 0.000000
-0.710000 0.000000 0.000000
0.000000 0.000000 0.000000
0.060000 0.000000 0.000000
0.820000 0.000000 0.100000
0.480000 0.000000 -0.420000

1 0 6 1306 40 1 -1 -1
5.000000 28.000072 5.000020 0.100001
0.000000 6.099997 20.000040
0.000000 0.000000 0.000000
0.000000 0.000000 5.799997

0.490000 -2.699998 0.000000
-0.280000 -0.260000 0.000000
-0.100000 -0.640000 0.000000
-0.300000 -0.220000 0.000000
-0.020000 0.000000 0.000000
0.000000 0.000000 0.000000
0.000000 0.000000 0.000000
0.170000 0.000000 0.000000
-0.010000 0.000000 0.000000
-0.849999 0.000000 0.000000
-0.710000 0.000000 0.000000
0.000000 0.000000 0.000000
0.060000 0.000000 0.000000
0.820000 0.000000 0.100000
0.480000 0.000000 -0.420000

1 0 6 1306 40 1 -1 -1
5.000000 28.000072 5.000020 1.000000
0.000000 6.099996 20.000040
0.000000 0.000000 0.000000
0.000000 0.000000 5.799997

0.490000 1.873189 0.000000
-0.280000 -0.260000 0.000000
-0.100000 -0.640000 0.000000
-0.300000 -0.220000 0.000000
-0.020000 0.000000 0.000000
0.000000 0.000000 0.000000
0.000000 0.000000 0.000000
0.170000 0.000000 0.000000
-0.010000 0.000000 0.000000
-0.849999 0.000000 0.000000
-0.710000 0.000000 0.000000
0.000000 0.000000 0.000000
0.060000 0.000000 0.000000
0.820000 0.000000 0.100000
0.480000 0.000000 -0.420000

1 0 7 1306 40 1 -1 -1
6.000000 28.000072 5.000020 1.000000
0.000000 0.000000 4.999998
0.000000 0.000000 0.000000
0.000000 0.000000 5.799997

0.370000 -0.056809 0.000000
0.250000 -0.260000 0.000000
-0.030000 -0.640000 0.000000
0.130000 -0.220000 0.000000
-0.020000 0.000000 0.000000
-0.500000 0.000000 0.750000
0.080000 -0.240000 0.470000
-0.370000 0.000000 0.000000
-0.010000 0.000000 0.000000
-0.280000 0.000000 0.000000
-0.780000 0.000000 0.000000
0.000000 0.000000 0.000000
0.060000 0.000000 0.000000
0.730000 0.000000 0.640000
0.070000 0.000000 0.370000

1 0 0 0 40 0 -1 -1
30.000000 5.000000 1.000000 1.000000
0.000000 0.000000 1.000001
0.000000 0.000000 0.000000
0.000000 0.000000 5.799997

0.370000 -0.556809 0.000000
-0.130000 0.100000 0.000000
-0.220000 -0.130000 0.000000
0.010000 0.360000 0.000000
-0.020000 0.000000 0.000000
-0.500000 0.000000 0.750000
0.080000 -0.240000 0.470000
-0.370000 0.000000 0.000000
-0.010000 0.000000 0.000000
-0.280000 0.000000 0.000000
-0.780000 0.000000 0.000000
0.000000 0.000000 0.000000
0.060000 0.000000 0.000000
0.730000 0.000000 0.640000
0.070000 0.000000 0.370000


4 0 0 0 0 0 3
0.000000 0.000000 0.000000

1 0 0 0 10 1 -27 -1
30.000000 5.000000 1.000000 3.009999
0.000000 0.000000 1.000000
0.000000 0.000000 0.000000
0.000000 0.000000 0.000000

-0.270000 0.000000 0.000000
0.120000 0.000000 0.000000
0.070000 0.000000 0.000000
0.020000 0.000000 0.000000
-0.110000 0.000000 0.000000
0.000000 0.170000 0.000000
0.000000 -0.250000 0.000000
0.310000 0.000000 0.000000
0.470000 0.000000 0.000000
-0.440000 0.000000 0.000000
-0.320000 0.000000 0.000000
0.210000 0.000000 0.000000
-0.040000 0.000000 0.000000
8.210000 0.000000 0.000000
-0.200000 0.000000 0.000000

3 0 0 0 8 1 -1 10
3.000000 5.000000 1.000000 3.009999
0.000000 0.000000 0.000000
0.000000 -0.000000 -0.000001
0.000000 0.000000 0.000000

-0.120000 0.000000 0.000000
0.080000 0.000000 0.000000
0.290000 0.000000 0.000000
-1.289999 0.000000 0.000000
0.000000 0.000000 0.000000
0.000000 -0.200000 0.000000
0.000000 0.200000 0.000000
-0.530000 0.000000 0.000000
-0.060000 0.000000 0.000000
-0.780000 0.000000 0.000000
-0.530000 0.000000 0.000000
-0.170000 0.000000 0.000000
-1.319999 0.000000 0.000000
7.930000 0.000000 0.000000
-0.180000 0.000000 0.000000

3 0 10 301 3 1 -1 -1
9.000000 35.000042 1.060000 0.200001
0.000000 0.000000 1.100000
0.000000 -0.000000 12.000009
0.000000 0.000000 0.000000

-0.120000 0.000000 0.000000
0.080000 0.000000 0.000000
0.290000 0.000000 0.000000
-1.289999 0.000000 0.000000
0.000000 0.000000 0.000000
0.000000 -0.200000 0.000000
0.000000 0.200000 0.000000
-0.530000 0.000000 0.000000
-0.060000 0.000000 0.000000
-0.780000 0.000000 0.000000
-0.530000 0.000000 0.000000
-0.170000 0.000000 0.000000
-1.319999 0.000000 0.000000
7.930000 0.000000 0.000000
-0.180000 0.000000 0.000000

1 0 10 0 10 0 -1 -1
10.000000 5.000000 1.000000 1.000000
0.000000 0.000000 1.000000
0.000000 0.000000 0.000000
0.000000 2.999999 0.000000

0.210000 0.000000 0.000000
0.390000 0.000000 0.000000
0.420000 0.000000 0.000000
0.020000 0.000000 0.000000
-0.450000 0.000000 0.000000
0.000000 1.059999 0.000000
0.000000 -1.059999 0.000000
-0.340000 0.000000 0.000000
0.280000 0.000000 0.000000
-0.370000 0.000000 0.000000
-0.340000 0.000000 0.000000
0.280000 0.000000 0.000000
-0.370000 0.000000 0.000000
0.330000 0.000000 0.000000
-0.090000 0.000000 0.000000


6 0 0 -1 0 0 30
0.000000 0.000000 0.000000

1 0 0 0 10 1 -28 -1
30.000000 5.000000 1.000000 3.009998
0.000000 0.000000 1.000000
0.000000 -0.000002 0.000000
0.000000 0.000000 0.000000

0.670000 0.000000 0.000000
0.260000 0.000000 0.000000
-0.080000 0.000000 0.000000
-0.070000 0.000000 0.000000
-0.420000 0.000000 0.000000
0.000000 0.470000 -0.530000
0.000000 -0.210000 0.330000
-0.710000 0.000000 0.000000
0.710000 0.000000 0.000000
-1.889999 0.000000 0.000000
-0.710000 0.000000 0.000000
0.580000 0.000000 0.000000
-2.239998 0.000000 0.000000
1.256814 0.000000 0.000000
-0.020000 0.000000 0.000000

1 0 0 0 10 1 -1 10
3.000000 5.000000 1.000000 3.009998
0.000000 0.000000 1.000000
0.000000 -0.000002 0.000000
0.000000 0.000000 0.000000

0.670000 0.000000 0.000000
0.260000 0.000000 0.000000
-0.080000 0.000000 0.000000
-0.070000 0.000000 0.000000
-0.420000 0.000000 0.000000
0.000000 0.470000 -0.530000
0.000000 -0.210000 0.330000
-0.710000 0.000000 0.000000
0.710000 0.000000 0.000000
-1.889999 0.000000 0.000000
-0.710000 0.000000 0.000000
0.580000 0.000000 0.000000
-2.239998 0.000000 0.000000
1.256814 0.000000 0.000000
-0.020000 0.000000 0.000000

3 0 0 0 10 0 -1 3
20.000000 5.000000 1.000000 0.300001
0.000000 0.000000 1.000000
0.000000 20.000038 0.000000
0.000000 0.000000 0.000000

0.670000 0.000000 0.000000
0.260000 0.000000 0.000000
-0.080000 0.000000 0.000000
-0.070000 0.000000 0.000000
-0.420000 0.000000 0.000000
0.000000 0.470000 -0.530000
0.000000 -0.210000 0.330000
-0.710000 0.000000 0.000000
0.710000 0.000000 0.000000
-1.889999 0.000000 0.000000
-0.710000 0.000000 0.000000
0.580000 0.000000 0.000000
-2.239998 0.000000 0.000000
1.256814 0.000000 0.000000
-0.020000 0.000000 0.000000

15 0 0 0 10 1 -1 3
12.000000 5.000000 1.000000 0.300001
0.000000 0.000000 1.000000
0.000000 0.099998 5.099998
0.000000 0.000000 0.000000

-0.899999 0.000000 0.000000
-0.260000 0.000000 0.000000
-0.270000 0.000000 0.000000
-0.220000 0.000000 0.000000
-0.200000 0.000000 0.000000
-0.240000 0.470000 -0.530000
-0.180000 -0.210000 0.330000
-1.050000 0.000000 0.000000
0.710000 0.000000 0.000000
-1.889999 0.000000 0.000000
-1.010000 0.000000 0.000000
0.580000 0.000000 0.000000
-2.239998 0.000000 0.000000
0.846815 0.000000 0.000000
-0.290000 0.000000 0.000000

1 0 0 0 10 0 -1 -1
8.000000 5.000000 1.000000 0.300001
0.000000 0.000000 1.000000
0.000000 -115.098824 0.000000
0.000000 0.000000 0.000000

-0.929999 0.000000 0.000000
-0.260000 0.000000 0.000000
-0.270000 0.000000 0.000000
-0.220000 0.000000 0.000000
-0.200000 0.000000 0.000000
-0.240000 0.470000 -0.530000
-0.180000 -0.210000 0.330000
-1.050000 0.000000 0.000000
0.710000 0.000000 0.000000
-1.889999 0.000000 0.000000
-1.010000 0.000000 0.000000
0.580000 0.000000 0.000000
-2.239998 0.000000 0.000000
0.846815 0.000000 0.000000
-0.290000 0.000000 0.000000

0 0 0 0 10 0 -1 -1
70.000000 5.000000 1.000000 0.300001
0.000000 0.000000 1.000000
0.000000 -115.098824 0.000000
0.000000 0.000000 0.000000

-0.929999 0.000000 0.000000
-0.260000 0.000000 0.000000
-0.270000 0.000000 0.000000
-0.220000 0.000000 0.000000
-0.200000 0.000000 0.000000
-0.240000 0.470000 -0.530000
-0.180000 -0.210000 0.330000
-1.050000 0.000000 0.000000
0.710000 0.000000 0.000000
-1.889999 0.000000 0.000000
-1.010000 0.000000 0.000000
0.580000 0.000000 0.000000
-2.239998 0.000000 0.000000
0.846815 0.000000 0.000000
-0.290000 0.000000 0.000000


8 0 0 0 0 0 3
0.000000 0.000000 0.000000

1 0 0 0 10 0 -29 -1
20.000000 5.000000 1.000000 3.009998
0.000000 12.500011 -0.000000
0.000000 0.000000 0.000000
0.000000 0.000000 5.799997

0.490000 0.330000 0.000000
0.000000 0.460000 0.000000
0.350000 0.250000 0.000000
-0.130000 0.220000 0.000000
-0.500000 0.000000 0.000000
0.000000 0.000000 0.000000
0.000000 0.000000 0.000000
0.170000 0.000000 0.000000
-0.010000 0.000000 0.000000
-0.849999 0.000000 0.000000
-0.710000 0.000000 0.000000
0.000000 0.000000 0.000000
0.060000 0.000000 0.000000
1.049999 0.000000 -0.690000
0.650000 0.000000 -0.740000

1 0 0 0 40 0 -1 10
3.000000 5.000000 1.000000 3.009998
0.000000 12.500011 0.000001
0.000000 0.000000 0.000000
0.000000 0.000000 5.799997

0.490000 -1.209999 0.000000
-0.280000 -0.260000 0.000000
-0.100000 -0.640000 0.000000
-0.300000 -0.220000 0.000000
-0.020000 0.000000 0.000000
0.000000 0.000000 0.000000
0.000000 0.000000 0.000000
0.170000 0.000000 0.000000
-0.010000 0.000000 0.000000
-0.849999 0.000000 0.000000
-0.710000 0.000000 0.000000
0.000000 0.000000 0.000000
0.060000 0.000000 0.000000
0.820000 0.000000 0.100000
0.480000 0.000000 -0.420000

1 0 6 1308 40 0 -1 2
3.000000 25.000061 5.000020 1.000000
0.000000 12.500011 0.000001
0.000000 0.000000 0.000000
0.000000 0.000000 5.799997

0.490000 -2.699998 0.000000
-0.280000 -0.260000 0.000000
-0.100000 -0.640000 0.000000
-0.300000 -0.220000 0.000000
-0.020000 0.000000 0.000000
0.000000 0.000000 0.000000
0.000000 0.000000 0.000000
0.170000 0.000000 0.000000
-0.010000 0.000000 0.000000
-0.849999 0.000000 0.000000
-0.710000 0.000000 0.000000
0.000000 0.000000 0.000000
0.060000 0.000000 0.000000
0.820000 0.000000 0.100000
0.480000 0.000000 -0.420000

1 0 0 1308 40 0 -1 -1
3.000000 25.000061 5.000020 1.000000
0.000000 0.000000 4.999998
0.000000 0.000000 0.000000
0.000000 0.000000 5.799997

0.490000 1.563189 0.000000
-0.280000 -0.260000 0.000000
-0.100000 -0.640000 0.000000
-0.300000 -0.220000 0.000000
-0.020000 0.000000 0.000000
0.000000 0.000000 0.000000
0.000000 0.000000 0.000000
0.170000 0.000000 0.000000
-0.010000 0.000000 0.000000
-0.849999 0.000000 0.000000
-0.710000 0.000000 0.000000
0.000000 0.000000 0.000000
0.060000 0.000000 0.000000
0.820000 0.000000 0.100000
0.480000 0.000000 -0.420000

1 0 0 0 10 0 -1 -1
6.000000 5.000000 1.000000 1.000000
0.000000 0.000000 1.000000
0.000000 7.099996 0.000000
0.000000 0.000000 0.000000

0.929999 0.690000 0.490000
0.180000 0.000000 0.000000
0.120000 0.000000 0.000000
0.000000 0.000000 0.000000
0.000000 0.000000 0.000000
0.000000 0.000000 0.000000
0.000000 0.000000 0.000000
-0.660000 0.000000 0.000000
-0.190000 0.000000 0.000000
-0.550000 0.000000 0.000000
-0.660000 0.000000 0.000000
-0.190000 0.000000 0.000000
-0.550000 0.000000 0.000000
0.820000 0.000000 0.000000
0.330000 0.000000 0.000000

1 0 8 1308 35 2 -1 2
6.000000 25.000061 4.009997 1.000000
0.000000 0.000000 4.999998
0.000000 0.000000 0.000000
0.000000 0.000000 0.000000

-0.856808 0.000000 0.000000
-0.580000 0.000000 0.000000
-0.640000 0.000000 0.000000
-1.069999 0.000000 0.000000
0.010000 0.000000 0.000000
0.000000 0.000000 0.000000
0.000000 0.000000 0.000000
0.000000 0.000000 0.000000
0.000000 0.000000 0.000000
0.000000 0.000000 0.000000
0.000000 0.000000 0.000000
0.000000 0.000000 0.000000
0.000000 0.000000 0.000000
1.046815 0.000000 0.000000
0.953190 0.000000 0.000000

1 0 8 1308 35 2 -1 -1
5.000000 25.000061 4.009997 1.000000
0.000000 -20.000040 15.000022
0.000000 0.000000 0.000000
0.000000 0.000000 0.000000

2.669998 0.000000 0.000000
-0.580000 0.000000 0.000000
-0.640000 0.000000 0.000000
-1.069999 0.000000 0.000000
0.010000 0.000000 0.000000
0.000000 0.000000 0.000000
0.000000 0.000000 0.000000
0.000000 0.000000 0.000000
0.000000 0.000000 0.000000
0.000000 0.000000 0.000000
0.000000 0.000000 0.000000
0.000000 0.000000 0.000000
0.000000 0.000000 0.000000
1.046815 0.000000 0.000000
0.953190 0.000000 0.000000

1 0 0 0 10 0 -1 -1
30.000000 5.000000 1.010000 1.000000
0.000000 0.000000 1.000000
0.000000 0.000000 0.000000
0.000000 0.000000 0.000000

0.246809 0.000000 0.000000
-0.290000 0.000000 0.000000
-0.120000 0.000000 0.000000
-0.620000 0.000000 0.000000
0.010000 0.000000 0.000000
0.000000 0.000000 0.000000
0.000000 0.000000 0.000000
0.000000 0.000000 0.000000
0.000000 0.000000 0.000000
0.000000 0.000000 0.000000
0.000000 0.000000 0.000000
0.000000 0.000000 0.000000
0.000000 0.000000 0.000000
7.610000 0.000000 0.000000
-0.266809 0.000000 0.000000


8 0 0 5 0 0 3
0.000000 0.000000 0.000000

0 -1 3 3 10 0 -1 30
3.000000 99.999054 5.000020 3.009999
0.000000 0.000000 1.000000
0.000000 -115.098824 0.000000
0.000000 0.000000 0.000000

-0.929999 0.000000 0.000000
-0.260000 0.000000 0.000000
-0.270000 0.000000 0.000000
-0.220000 0.000000 0.000000
-0.200000 0.000000 0.000000
-0.240000 0.470000 -0.530000
-0.180000 -0.210000 0.330000
-1.050000 0.000000 0.000000
0.710000 0.000000 0.000000
-1.889999 0.000000 0.000000
-1.010000 0.000000 0.000000
0.580000 0.000000 0.000000
-2.239998 0.000000 0.000000
0.846815 0.000000 0.000000
-0.290000 0.000000 0.000000

1 0 0 0 40 0 -1 -1
3.000000 5.000000 1.000000 3.009998
0.000000 0.000000 1.000001
0.000000 0.000000 0.000000
0.000000 0.000000 5.799997

0.490000 -1.209999 0.000000
-0.280000 -0.260000 0.000000
-0.100000 -0.640000 0.000000
-0.300000 -0.220000 0.000000
-0.020000 0.000000 0.000000
0.000000 0.000000 0.000000
0.000000 0.000000 0.000000
0.170000 0.000000 0.000000
-0.010000 0.000000 0.000000
-0.849999 0.000000 0.000000
-0.710000 0.000000 0.000000
0.000000 0.000000 0.000000
0.060000 0.000000 0.000000
0.820000 0.000000 0.100000
0.480000 0.000000 -0.420000

1 0 6 1308 40 0 -1 -1
5.000000 25.000061 5.000020 1.000000
0.000000 0.000000 4.999998
0.000000 0.000000 0.000000
0.000000 0.000000 5.799997

0.490000 -2.699998 0.000000
-0.280000 -0.260000 0.000000
-0.100000 -0.640000 0.000000
-0.300000 -0.220000 0.000000
-0.020000 0.000000 0.000000
0.000000 0.000000 0.000000
0.000000 0.000000 0.000000
0.170000 0.000000 0.000000
-0.010000 0.000000 0.000000
-0.849999 0.000000 0.000000
-0.710000 0.000000 0.000000
0.000000 0.000000 0.000000
0.060000 0.000000 0.000000
0.820000 0.000000 0.100000
0.480000 0.000000 -0.420000

1 0 8 1308 40 0 -1 -1
7.000000 25.000061 5.000020 1.000000
0.000000 0.000000 4.999998
0.000000 0.000000 0.000000
0.000000 0.000000 5.799997

0.490000 1.563189 0.000000
-0.280000 -0.260000 0.000000
-0.100000 -0.640000 0.000000
-0.300000 -0.220000 0.000000
-0.020000 0.000000 0.000000
0.000000 0.000000 0.000000
0.000000 0.000000 0.000000
0.170000 0.000000 0.000000
-0.010000 0.000000 0.000000
-0.849999 0.000000 0.000000
-0.710000 0.000000 0.000000
0.000000 0.000000 0.000000
0.060000 0.000000 0.000000
0.820000 0.000000 0.100000
0.480000 0.000000 -0.420000

1 0 10 0 10 0 -1 -1
6.000000 5.000000 1.000000 1.000000
0.000000 0.000000 1.000000
0.000000 7.099996 0.000000
0.000000 0.000000 0.000000

0.929999 0.690000 0.490000
0.180000 0.000000 0.000000
0.120000 0.000000 0.000000
0.000000 0.000000 0.000000
0.000000 0.000000 0.000000
0.000000 0.000000 0.000000
0.000000 0.000000 0.000000
-0.660000 0.000000 0.000000
-0.190000 0.000000 0.000000
-0.550000 0.000000 0.000000
-0.660000 0.000000 0.000000
-0.190000 0.000000 0.000000
-0.550000 0.000000 0.000000
0.820000 0.000000 0.000000
0.330000 0.000000 0.000000

1 0 8 1308 35 2 -1 -1
7.000000 25.000061 4.009997 1.000000
0.000000 0.000000 4.999998
0.000000 0.000000 0.000000
0.000000 0.000000 0.000000

-2.593189 -0.050000 0.650000
-0.580000 0.000000 0.000000
-0.640000 0.000000 0.000000
-1.069999 0.000000 0.000000
0.010000 0.000000 0.000000
0.000000 0.000000 0.000000
0.000000 0.000000 0.000000
0.000000 0.000000 0.000000
0.000000 0.000000 0.000000
0.000000 0.000000 0.000000
0.000000 0.000000 0.000000
0.000000 0.000000 0.000000
0.000000 0.000000 0.000000
6.900001 0.000000 0.000000
0.213191 0.000000 0.000000

1 0 8 1308 30 2 -1 -1
7.000000 25.000061 4.009997 1.000000
0.000000 0.000000 4.999998
0.000000 0.000000 0.000000
0.000000 0.000000 0.000000

-0.653190 -0.540000 -0.200000
-0.580000 0.000000 0.000000
-0.640000 0.000000 0.000000
-1.069999 0.000000 0.000000
0.010000 0.000000 0.000000
0.000000 0.000000 0.000000
0.000000 0.000000 0.000000
0.000000 0.000000 0.000000
0.000000 0.000000 0.000000
0.000000 0.000000 0.000000
0.000000 0.000000 0.000000
0.000000 0.000000 0.000000
0.000000 0.000000 0.000000
7.610000 0.000000 0.000000
-0.266809 0.000000 0.000000

1 0 0 0 10 0 -1 -1
30.000000 5.000000 1.010000 1.000000
0.000000 0.000000 1.000000
0.000000 0.000000 0.000000
0.000000 0.000000 0.000000

0.246809 0.000000 0.000000
-0.290000 0.000000 0.000000
-0.120000 0.000000 0.000000
-0.620000 0.000000 0.000000
0.010000 0.000000 0.000000
0.000000 0.000000 0.000000
0.000000 0.000000 0.000000
0.000000 0.000000 0.000000
0.000000 0.000000 0.000000
0.000000 0.000000 0.000000
0.000000 0.000000 0.000000
0.000000 0.000000 0.000000
0.000000 0.000000 0.000000
7.610000 0.000000 0.000000
-0.266809 0.000000 0.000000


3 0 0 0 0 0 3
0.000000 0.000000 0.000000

1 0 10 0 10 1 -31 -1
30.000000 5.000000 1.000000 3.009998
0.000000 0.000000 1.000000
0.000000 0.000000 0.000000
0.000000 0.000000 0.000000

-0.210000 0.000000 0.000000
0.360000 0.000000 0.000000
-1.029999 0.000000 0.000000
0.460000 0.000000 0.000000
-0.060000 0.000000 0.000000
-0.360000 0.000000 0.000000
-0.790000 0.000000 0.000000
0.170000 0.000000 0.000000
0.030000 0.000000 0.000000
0.030000 0.000000 0.000000
0.170000 0.000000 0.000000
0.030000 0.000000 0.000000
0.030000 0.000000 0.000000
8.010000 0.000000 0.000000
-0.020000 0.000000 0.000000

2 0 10 0 10 1 -1 40
8.000000 5.000000 1.000000 1.000000
0.000000 0.000000 1.000000
0.000000 0.000000 0.000000
0.000000 0.000000 0.000000

0.580000 0.000000 0.000000
0.150000 0.000000 0.000000
0.110000 0.000000 0.000000
0.400000 0.000000 0.000000
-0.660000 0.000000 0.000000
0.000000 0.000000 0.000000
0.000000 0.000000 0.000000
-0.849999 0.000000 0.000000
0.280000 0.000000 0.000000
0.000000 0.000000 0.000000
-0.620000 0.000000 0.000000
0.000000 0.000000 0.000000
0.000000 0.000000 0.000000
7.050000 0.000000 0.000000
0.000000 0.000000 0.000000

2 0 10 0 10 1 -1 -1
22.000000 5.000000 1.000000 1.000000
0.000000 0.000000 1.000000
0.000000 0.000000 0.000000
0.000000 0.000000 0.000000

0.580000 0.000000 0.000000
-0.110000 0.000000 0.000000
-0.070000 0.000000 0.000000
-0.020000 0.000000 0.000000
-0.240000 0.000000 0.000000
0.000000 0.000000 0.000000
0.000000 0.000000 0.000000
-0.849999 0.000000 0.000000
0.280000 0.000000 0.000000
0.000000 0.000000 0.000000
-0.620000 0.000000 0.000000
0.000000 0.000000 0.000000
0.000000 0.000000 0.000000
7.050000 0.000000 0.000000
0.000000 0.000000 0.000000


3 0 0 0 0 0 3
0.000000 0.000000 0.000000

1 0 10 0 10 1 -32 -1
30.000000 5.000000 1.000000 3.009998
0.000000 0.000000 1.000000
0.000000 0.000000 0.000000
0.000000 0.000000 0.000000

-0.210000 0.000000 0.000000
0.360000 0.000000 0.000000
-1.029999 0.000000 0.000000
0.460000 0.000000 0.000000
-0.060000 0.000000 0.000000
-0.360000 0.000000 0.000000
-0.790000 0.000000 0.000000
0.170000 0.000000 0.000000
0.030000 0.000000 0.000000
0.030000 0.000000 0.000000
0.170000 0.000000 0.000000
0.030000 0.000000 0.000000
0.030000 0.000000 0.000000
8.010000 0.000000 0.000000
-0.020000 0.000000 0.000000

2 0 10 0 10 1 -1 42
8.000000 5.000000 1.000000 1.000000
0.000000 0.000000 1.000000
0.000000 0.000000 0.000000
0.000000 0.000000 0.000000

0.580000 0.000000 0.000000
0.150000 0.000000 0.000000
0.110000 0.000000 0.000000
0.400000 0.000000 0.000000
-0.660000 0.000000 0.000000
0.000000 0.000000 0.000000
0.000000 0.000000 0.000000
-0.849999 0.000000 0.000000
0.280000 0.000000 0.000000
0.000000 0.000000 0.000000
-0.620000 0.000000 0.000000
0.000000 0.000000 0.000000
0.000000 0.000000 0.000000
7.050000 0.000000 0.000000
0.000000 0.000000 0.000000

2 0 10 0 10 1 -1 -1
22.000000 5.000000 1.000000 1.000000
0.000000 0.000000 1.000000
0.000000 0.000000 0.000000
0.000000 0.000000 0.000000

0.580000 0.000000 0.000000
-0.110000 0.000000 0.000000
-0.070000 0.000000 0.000000
-0.020000 0.000000 0.000000
-0.240000 0.000000 0.000000
0.000000 0.000000 0.000000
0.000000 0.000000 0.000000
-0.849999 0.000000 0.000000
0.280000 0.000000 0.000000
0.000000 0.000000 0.000000
-0.620000 0.000000 0.000000
0.000000 0.000000 0.000000
0.000000 0.000000 0.000000
7.050000 0.000000 0.000000
0.000000 0.000000 0.000000


3 0 0 0 0 0 3
0.000000 0.000000 0.000000

1 0 10 0 10 1 -33 -1
30.000000 5.000000 1.000000 3.009998
0.000000 0.000000 1.000000
0.000000 0.000000 0.000000
0.000000 0.000000 0.000000

-0.210000 0.000000 0.000000
0.360000 0.000000 0.000000
-1.029999 0.000000 0.000000
0.460000 0.000000 0.000000
-0.060000 0.000000 0.000000
-0.360000 0.000000 0.000000
-0.790000 0.000000 0.000000
0.170000 0.000000 0.000000
0.030000 0.000000 0.000000
0.030000 0.000000 0.000000
0.170000 0.000000 0.000000
0.030000 0.000000 0.000000
0.030000 0.000000 0.000000
8.010000 0.000000 0.000000
-0.020000 0.000000 0.000000

2 0 10 0 10 1 -1 43
8.000000 5.000000 1.000000 1.000000
0.000000 0.000000 1.000000
0.000000 0.000000 0.000000
0.000000 0.000000 0.000000

0.580000 0.000000 0.000000
0.150000 0.000000 0.000000
0.110000 0.000000 0.000000
0.400000 0.000000 0.000000
-0.660000 0.000000 0.000000
0.000000 0.000000 0.000000
0.000000 0.000000 0.000000
-0.849999 0.000000 0.000000
0.280000 0.000000 0.000000
0.000000 0.000000 0.000000
-0.620000 0.000000 0.000000
0.000000 0.000000 0.000000
0.000000 0.000000 0.000000
7.050000 0.000000 0.000000
0.000000 0.000000 0.000000

2 0 10 0 10 1 -1 -1
22.000000 5.000000 1.000000 1.000000
0.000000 0.000000 1.000000
0.000000 0.000000 0.000000
0.000000 0.000000 0.000000

0.580000 0.000000 0.000000
-0.110000 0.000000 0.000000
-0.070000 0.000000 0.000000
-0.020000 0.000000 0.000000
-0.240000 0.000000 0.000000
0.000000 0.000000 0.000000
0.000000 0.000000 0.000000
-0.849999 0.000000 0.000000
0.280000 0.000000 0.000000
0.000000 0.000000 0.000000
-0.620000 0.000000 0.000000
0.000000 0.000000 0.000000
0.000000 0.000000 0.000000
7.050000 0.000000 0.000000
0.000000 0.000000 0.000000


3 0 0 0 0 0 3
0.000000 0.000000 0.000000

1 0 10 0 10 1 -34 -1
30.000000 5.000000 1.000000 3.009998
0.000000 0.000000 1.000000
0.000000 0.000000 0.000000
0.000000 0.000000 0.000000

-0.210000 0.000000 0.000000
0.360000 0.000000 0.000000
-1.029999 0.000000 0.000000
0.460000 0.000000 0.000000
-0.060000 0.000000 0.000000
-0.360000 0.000000 0.000000
-0.790000 0.000000 0.000000
0.170000 0.000000 0.000000
0.030000 0.000000 0.000000
0.030000 0.000000 0.000000
0.170000 0.000000 0.000000
0.030000 0.000000 0.000000
0.030000 0.000000 0.000000
8.010000 0.000000 0.000000
-0.020000 0.000000 0.000000

2 0 10 0 10 1 -1 44
8.000000 5.000000 1.000000 1.000000
0.000000 0.000000 1.000000
0.000000 0.000000 0.000000
0.000000 0.000000 0.000000

0.580000 0.000000 0.000000
0.150000 0.000000 0.000000
0.110000 0.000000 0.000000
0.400000 0.000000 0.000000
-0.660000 0.000000 0.000000
0.000000 0.000000 0.000000
0.000000 0.000000 0.000000
-0.849999 0.000000 0.000000
0.280000 0.000000 0.000000
0.000000 0.000000 0.000000
-0.620000 0.000000 0.000000
0.000000 0.000000 0.000000
0.000000 0.000000 0.000000
7.050000 0.000000 0.000000
0.000000 0.000000 0.000000

2 0 10 0 10 1 -1 -1
22.000000 5.000000 1.000000 1.000000
0.000000 0.000000 1.000000
0.000000 0.000000 0.000000
0.000000 0.000000 0.000000

0.580000 0.000000 0.000000
-0.110000 0.000000 0.000000
-0.070000 0.000000 0.000000
-0.020000 0.000000 0.000000
-0.240000 0.000000 0.000000
0.000000 0.000000 0.000000
0.000000 0.000000 0.000000
-0.849999 0.000000 0.000000
0.280000 0.000000 0.000000
0.000000 0.000000 0.000000
-0.620000 0.000000 0.000000
0.000000 0.000000 0.000000
0.000000 0.000000 0.000000
7.050000 0.000000 0.000000
0.000000 0.000000 0.000000


3 0 0 0 0 0 3
0.000000 0.000000 0.000000

1 0 10 0 10 1 -35 -1
30.000000 5.000000 1.000000 3.009998
0.000000 0.000000 1.000000
0.000000 0.000000 0.000000
0.000000 0.000000 0.000000

-0.210000 0.000000 0.000000
0.360000 0.000000 0.000000
-1.029999 0.000000 0.000000
0.460000 0.000000 0.000000
-0.060000 0.000000 0.000000
-0.360000 0.000000 0.000000
-0.790000 0.000000 0.000000
0.170000 0.000000 0.000000
0.030000 0.000000 0.000000
0.030000 0.000000 0.000000
0.170000 0.000000 0.000000
0.030000 0.000000 0.000000
0.030000 0.000000 0.000000
8.010000 0.000000 0.000000
-0.020000 0.000000 0.000000

2 0 10 0 10 1 -1 45
8.000000 5.000000 1.000000 1.000000
0.000000 0.000000 1.000000
0.000000 0.000000 0.000000
0.000000 0.000000 0.000000

0.580000 0.000000 0.000000
0.150000 0.000000 0.000000
0.110000 0.000000 0.000000
0.400000 0.000000 0.000000
-0.660000 0.000000 0.000000
0.000000 0.000000 0.000000
0.000000 0.000000 0.000000
-0.849999 0.000000 0.000000
0.280000 0.000000 0.000000
0.000000 0.000000 0.000000
-0.620000 0.000000 0.000000
0.000000 0.000000 0.000000
0.000000 0.000000 0.000000
7.050000 0.000000 0.000000
0.000000 0.000000 0.000000

2 0 10 0 10 1 -1 -1
22.000000 5.000000 1.000000 1.000000
0.000000 0.000000 1.000000
0.000000 0.000000 0.000000
0.000000 0.000000 0.000000

0.580000 0.000000 0.000000
-0.110000 0.000000 0.000000
-0.070000 0.000000 0.000000
-0.020000 0.000000 0.000000
-0.240000 0.000000 0.000000
0.000000 0.000000 0.000000
0.000000 0.000000 0.000000
-0.849999 0.000000 0.000000
0.280000 0.000000 0.000000
0.000000 0.000000 0.000000
-0.620000 0.000000 0.000000
0.000000 0.000000 0.000000
0.000000 0.000000 0.000000
7.050000 0.000000 0.000000
0.000000 0.000000 0.000000


3 0 0 0 0 0 3
0.000000 0.000000 0.000000

1 0 10 0 10 1 -36 -1
30.000000 5.000000 1.000000 3.009998
0.000000 0.000000 1.000000
0.000000 0.000000 0.000000
0.000000 0.000000 0.000000

-0.210000 0.000000 0.000000
0.360000 0.000000 0.000000
-1.029999 0.000000 0.000000
0.460000 0.000000 0.000000
-0.060000 0.000000 0.000000
-0.360000 0.000000 0.000000
-0.790000 0.000000 0.000000
0.170000 0.000000 0.000000
0.030000 0.000000 0.000000
0.030000 0.000000 0.000000
0.170000 0.000000 0.000000
0.030000 0.000000 0.000000
0.030000 0.000000 0.000000
8.010000 0.000000 0.000000
-0.020000 0.000000 0.000000

2 0 10 0 10 1 -1 50
8.000000 5.000000 1.000000 1.000000
0.000000 0.000000 1.000000
0.000000 0.000000 0.000000
0.000000 0.000000 0.000000

0.580000 0.000000 0.000000
0.150000 0.000000 0.000000
0.110000 0.000000 0.000000
0.400000 0.000000 0.000000
-0.660000 0.000000 0.000000
0.000000 0.000000 0.000000
0.000000 0.000000 0.000000
-0.849999 0.000000 0.000000
0.280000 0.000000 0.000000
0.000000 0.000000 0.000000
-0.620000 0.000000 0.000000
0.000000 0.000000 0.000000
0.000000 0.000000 0.000000
7.050000 0.000000 0.000000
0.000000 0.000000 0.000000

2 0 10 0 10 1 -1 -1
22.000000 5.000000 1.000000 1.000000
0.000000 0.000000 1.000000
0.000000 0.000000 0.000000
0.000000 0.000000 0.000000

0.580000 0.000000 0.000000
-0.110000 0.000000 0.000000
-0.070000 0.000000 0.000000
-0.020000 0.000000 0.000000
-0.240000 0.000000 0.000000
0.000000 0.000000 0.000000
0.000000 0.000000 0.000000
-0.849999 0.000000 0.000000
0.280000 0.000000 0.000000
0.000000 0.000000 0.000000
-0.620000 0.000000 0.000000
0.000000 0.000000 0.000000
0.000000 0.000000 0.000000
7.050000 0.000000 0.000000
0.000000 0.000000 0.000000


3 0 0 0 0 0 3
0.000000 0.000000 0.000000

1 0 10 0 10 1 -37 -1
30.000000 5.000000 1.000000 3.009998
0.000000 0.000000 1.000000
0.000000 0.000000 0.000000
0.000000 0.000000 0.000000

-0.210000 0.000000 0.000000
0.360000 0.000000 0.000000
-1.029999 0.000000 0.000000
0.460000 0.000000 0.000000
-0.060000 0.000000 0.000000
-0.360000 0.000000 0.000000
-0.790000 0.000000 0.000000
0.170000 0.000000 0.000000
0.030000 0.000000 0.000000
0.030000 0.000000 0.000000
0.170000 0.000000 0.000000
0.030000 0.000000 0.000000
0.030000 0.000000 0.000000
8.010000 0.000000 0.000000
-0.020000 0.000000 0.000000

2 0 10 0 10 1 -1 51
8.000000 5.000000 1.000000 1.000000
0.000000 0.000000 1.000000
0.000000 0.000000 0.000000
0.000000 0.000000 0.000000

0.580000 0.000000 0.000000
0.150000 0.000000 0.000000
0.110000 0.000000 0.000000
0.400000 0.000000 0.000000
-0.660000 0.000000 0.000000
0.000000 0.000000 0.000000
0.000000 0.000000 0.000000
-0.849999 0.000000 0.000000
0.280000 0.000000 0.000000
0.000000 0.000000 0.000000
-0.620000 0.000000 0.000000
0.000000 0.000000 0.000000
0.000000 0.000000 0.000000
7.050000 0.000000 0.000000
0.000000 0.000000 0.000000

2 0 10 0 10 1 -1 -1
22.000000 5.000000 1.000000 1.000000
0.000000 0.000000 1.000000
0.000000 0.000000 0.000000
0.000000 0.000000 0.000000

0.580000 0.000000 0.000000
-0.110000 0.000000 0.000000
-0.070000 0.000000 0.000000
-0.020000 0.000000 0.000000
-0.240000 0.000000 0.000000
0.000000 0.000000 0.000000
0.000000 0.000000 0.000000
-0.849999 0.000000 0.000000
0.280000 0.000000 0.000000
0.000000 0.000000 0.000000
-0.620000 0.000000 0.000000
0.000000 0.000000 0.000000
0.000000 0.000000 0.000000
7.050000 0.000000 0.000000
0.000000 0.000000 0.000000


3 0 0 0 0 0 3
0.000000 0.000000 0.000000

1 0 10 0 10 1 -38 -1
30.000000 5.000000 1.000000 3.009998
0.000000 0.000000 1.000000
0.000000 0.000000 0.000000
0.000000 0.000000 0.000000

-0.210000 0.000000 0.000000
0.360000 0.000000 0.000000
-1.029999 0.000000 0.000000
0.460000 0.000000 0.000000
-0.060000 0.000000 0.000000
-0.360000 0.000000 0.000000
-0.790000 0.000000 0.000000
0.170000 0.000000 0.000000
0.030000 0.000000 0.000000
0.030000 0.000000 0.000000
0.170000 0.000000 0.000000
0.030000 0.000000 0.000000
0.030000 0.000000 0.000000
8.010000 0.000000 0.000000
-0.020000 0.000000 0.000000

2 0 10 0 10 1 -1 52
8.000000 5.000000 1.000000 1.000000
0.000000 0.000000 1.000000
0.000000 0.000000 0.000000
0.000000 0.000000 0.000000

0.580000 0.000000 0.000000
0.150000 0.000000 0.000000
0.110000 0.000000 0.000000
0.400000 0.000000 0.000000
-0.660000 0.000000 0.000000
0.000000 0.000000 0.000000
0.000000 0.000000 0.000000
-0.849999 0.000000 0.000000
0.280000 0.000000 0.000000
0.000000 0.000000 0.000000
-0.620000 0.000000 0.000000
0.000000 0.000000 0.000000
0.000000 0.000000 0.000000
7.050000 0.000000 0.000000
0.000000 0.000000 0.000000

2 0 10 0 10 1 -1 -1
22.000000 5.000000 1.000000 1.000000
0.000000 0.000000 1.000000
0.000000 0.000000 0.000000
0.000000 0.000000 0.000000

0.580000 0.000000 0.000000
-0.110000 0.000000 0.000000
-0.070000 0.000000 0.000000
-0.020000 0.000000 0.000000
-0.240000 0.000000 0.000000
0.000000 0.000000 0.000000
0.000000 0.000000 0.000000
-0.849999 0.000000 0.000000
0.280000 0.000000 0.000000
0.000000 0.000000 0.000000
-0.620000 0.000000 0.000000
0.000000 0.000000 0.000000
0.000000 0.000000 0.000000
7.050000 0.000000 0.000000
0.000000 0.000000 0.000000


