33 16
2 0 999 0 13 19 3
-15.000000 0.000000 0.000000

0 0 0 0 0 0 -1 -1
30.000000 0.000000 1.000000 1.000000
0.000000 0.000000 1.000000
0.000000 0.000000 0.000000
0.000000 3.499999 -1.500000

-0.030000 0.400000 0.010000
-0.200000 0.000000 0.000000
0.040000 -0.230000 0.000000
-0.030000 0.390000 0.540000
-0.340000 -0.110000 0.590000
-0.400000 -0.220000 -0.030000
0.030000 0.400000 -0.540000
0.000000 0.130000 -0.590000
0.000000 0.370000 0.030000
0.150000 0.490000 -0.190000
-0.600000 0.010000 0.000000
0.070000 0.000000 0.060000
0.550000 -0.200000 0.190000
-0.530000 0.030000 -0.060000
-0.270000 0.000000 -0.060000
0.200000 0.000000 0.000000

0 0 0 0 0 0 -1 -1
30.000000 0.000000 1.000000 1.000000
0.000000 0.000000 1.000000
0.000000 0.000000 0.000000
0.000000 4.999998 -1.500000

-0.030000 0.400000 0.000000
-0.120000 0.000000 0.000000
0.060000 -0.230000 0.000000
-0.030000 0.230000 0.540000
-0.340000 -0.130000 0.590000
-0.660000 -0.220000 -0.030000
0.030000 0.130000 -0.540000
0.000000 0.130000 -0.590000
0.000000 0.370000 0.030000
0.400000 0.480000 -0.190000
-0.969999 0.060000 0.060000
-0.080000 0.000000 0.060000
0.420000 0.000000 0.190000
-0.380000 0.030000 -0.060000
-0.330000 0.000000 -0.060000
-0.200000 0.000000 0.000000


4 0 100 1 13 19 3
0.000000 0.000000 0.000000

0 0 0 0 0 0 -1 -1
10.000000 0.000000 1.000000 0.900000
0.000000 0.000000 1.000000
0.000000 0.000000 0.000000
0.000000 6.099997 -1.600000

-0.060000 -0.160000 0.000000
-0.280000 -0.160000 0.000000
0.160000 0.190000 0.000000
0.000000 0.230000 0.630000
-0.749999 0.000000 0.545000
-1.044999 -0.370000 0.180000
-0.155000 -0.095000 -0.355000
0.000000 0.000000 -0.595000
-0.000000 0.455000 -0.175000
-0.250000 0.000000 0.000000
-0.530000 0.000000 0.000000
-0.500000 0.000000 0.000000
0.290000 0.000000 0.000000
-0.790000 0.000000 0.000000
0.160000 0.000000 0.000000
0.020000 1.449999 0.345000

0 0 0 0 0 0 -1 -1
12.000000 0.000000 1.000000 1.000000
0.000000 0.000000 1.000000
0.000000 0.000000 0.000000
0.000000 4.499997 0.000000

-0.280000 0.000000 0.000000
-0.040000 -0.280000 0.000000
0.160000 0.190000 0.000000
0.000000 0.230000 0.630000
-0.490000 -0.005000 0.540000
-0.864999 0.004999 0.130000
-0.285000 -0.235000 -0.455000
-0.065000 0.000000 -0.595000
-0.000000 0.345000 -0.175000
-0.250000 0.000000 0.000000
-0.550000 0.000000 0.000000
-0.250000 0.000000 0.000000
0.425000 0.000000 0.000000
-0.175000 0.000000 0.000000
-0.220000 0.000000 0.000000
0.000000 1.199999 -0.400000

0 0 0 0 0 0 -1 -1
10.000000 0.000000 1.000000 0.900000
0.000000 0.000000 1.000000
0.000000 0.000000 0.000000
0.000000 6.099997 -1.600000

-0.060000 0.160000 0.000000
-0.280000 0.160000 0.000000
0.160000 -0.190000 0.000000
0.000000 0.230000 0.630000
-0.270000 0.000000 0.550000
-0.824999 0.000000 0.130000
0.000000 0.190000 -0.355000
0.250000 0.000000 -0.615000
0.000000 0.815000 0.000000
0.290000 0.000000 0.000000
-0.790000 0.000000 0.000000
0.160000 0.000000 0.000000
-0.250000 0.000000 0.000000
-0.530000 0.000000 0.000000
-0.500000 0.000000 0.000000
-0.160000 1.189999 -0.740000

0 0 0 0 0 0 -1 -1
12.000000 0.000000 1.000000 1.000000
0.000000 0.000000 1.000000
0.000000 0.000000 0.000000
0.000000 4.499997 0.000000

-0.280000 0.160000 0.000000
-0.040000 0.280000 0.000000
0.160000 -0.190000 0.000000
0.000000 0.230000 0.625000
0.220000 0.000000 0.550000
-1.434999 0.000000 0.130000
0.000000 0.235000 -0.455000
0.345000 0.030000 -0.615000
0.000000 0.815000 -0.125000
0.425000 0.000000 0.000000
-0.175000 0.000000 0.000000
-0.220000 0.000000 0.000000
-0.250000 0.000000 0.000000
-0.550000 0.000000 0.000000
-0.250000 0.000000 0.000000
0.000000 1.369999 0.255000


4 0 999 2 13 19 3
5.000000 0.000000 -1.000000

0 0 0 0 0 0 -1 -1
8.000000 0.000000 1.000000 0.800000
0.000000 0.000000 1.000000
0.000000 0.000000 0.000000
0.000000 6.599996 -1.600000

-0.280000 -0.160000 0.000000
-0.280000 -0.160000 0.000000
0.160000 0.190000 0.000000
0.000000 0.460000 0.460000
-0.460000 0.000000 0.270000
-0.590000 0.000000 0.260000
-0.310000 -0.190000 -0.030000
0.000000 0.000000 -1.190000
-0.000000 0.910000 -0.350000
-0.250000 0.000000 0.000000
-0.530000 0.000000 0.000000
-0.500000 0.000000 0.000000
0.290000 0.000000 0.000000
-0.790000 0.000000 0.000000
0.160000 0.000000 0.000000
0.000000 0.000000 1.169999

0 0 0 0 0 0 -1 -1
10.000000 0.000000 1.000000 1.000000
0.000000 0.000000 1.000000
0.000000 0.000000 0.000000
0.000000 2.599999 0.000000

-0.280000 0.000000 0.000000
-0.280000 -0.280000 0.000000
0.160000 0.190000 0.000000
0.000000 0.460000 0.460000
-0.460000 -0.010000 0.260001
-0.590000 0.009999 0.260000
-0.570000 -0.470000 -0.030000
-0.130000 0.000000 -1.190000
-0.000000 0.690000 -0.350000
-0.500000 0.000000 0.000000
-1.100000 0.000000 0.000000
-0.500000 0.000000 0.000000
0.850000 0.000000 0.000000
-0.350000 0.000000 0.000000
-0.440000 0.000000 0.000000
0.000000 0.300000 0.760000

0 0 0 0 0 0 -1 -1
8.000000 0.000000 1.000000 0.800000
0.000000 0.000000 1.000000
0.000000 0.000000 0.000000
0.000000 6.599996 -1.600000

-0.280000 0.160000 0.000000
-0.280000 0.160000 0.000000
0.160000 -0.190000 0.000000
0.000000 0.460000 0.300000
-0.460000 0.000000 0.260000
-0.590000 0.000000 0.260000
0.000000 0.380000 -0.030000
0.500000 0.000000 -1.230000
0.000000 1.630000 0.000000
0.290000 0.000000 0.000000
-0.790000 0.000000 0.000000
0.160000 0.000000 0.000000
-0.250000 0.000000 0.000000
-0.530000 0.000000 0.000000
-0.500000 0.000000 0.000000
0.000000 1.269999 -0.160000

0 0 0 0 0 0 -1 -1
10.000000 0.000000 1.000000 1.000000
0.000000 0.000000 1.000000
0.000000 0.000000 0.000000
0.000000 2.599999 0.000000

-0.280000 0.160000 0.000000
-0.280000 0.280000 0.000000
0.160000 -0.190000 0.000000
0.000000 0.460000 0.290000
-0.460000 0.000000 0.260000
-0.590000 0.000000 0.260000
0.000000 0.470000 -0.030000
0.690000 0.060000 -1.230000
0.000000 1.630000 -0.250000
0.850000 0.000000 0.000000
-0.350000 0.000000 0.000000
-0.440000 0.000000 0.000000
-0.500000 0.000000 0.000000
-1.100000 0.000000 0.000000
-0.500000 0.000000 0.000000
0.000000 0.000000 0.510000


2 3 115 0 0 0 3
1.000000 0.000000 0.000000

1 0 0 0 10 0 -1 -1
5.000000 5.000000 1.000000 1.000000
0.000000 0.000000 1.000000
0.000000 0.000000 0.000000
0.000000 -13.100014 0.000000

-0.260000 0.000000 0.000000
-0.150000 0.000000 0.000000
-0.200000 0.000000 0.000000
-0.959999 0.300000 0.710000
0.000000 -0.250000 0.000000
0.000000 -0.460000 0.000000
-0.959999 0.310000 -0.710000
0.000000 0.250000 0.000000
0.000000 0.460000 0.000000
1.229999 0.110000 -0.250000
-2.109999 0.000000 0.000000
0.320000 0.000000 0.000000
0.489999 -0.110000 0.250000
-1.749999 0.000000 0.000000
0.769999 0.000000 0.000000
0.000000 0.000000 0.000000

1 0 0 0 10 0 -1 -1
5.000000 5.000000 1.000000 1.000000
0.000000 0.000000 1.000000
0.000000 0.000000 0.000000
0.000000 -16.000025 0.000000

-0.260000 0.000000 0.000000
-0.150000 0.000000 0.000000
-0.200000 0.000000 0.000000
-0.959999 0.300000 0.710000
0.000000 -0.250000 0.000000
0.000000 -0.460000 0.000000
-0.959999 0.310000 -0.710000
0.000000 0.250000 0.000000
0.000000 0.460000 0.000000
1.229999 0.110000 -0.250000
-2.159999 0.000000 0.000000
0.320000 0.000000 0.000000
0.489999 -0.110000 0.250000
-1.879999 0.000000 0.000000
0.769999 0.000000 0.000000
0.000000 0.000000 0.000000


3 3 115 -1 16 25 3
1.000000 0.000000 0.000000

1 0 0 0 10 0 -1 -1
2.000000 5.000000 1.000000 1.000000
0.000000 0.000000 1.000000
0.000000 0.000000 0.000000
0.000000 -15.000021 0.000000

-0.260000 0.000000 0.000000
-0.150000 0.000000 0.000000
-0.200000 0.000000 0.000000
-0.959999 0.300000 0.710000
0.000000 -0.250000 0.000000
0.000000 -0.460000 0.000000
-0.959999 0.310000 -0.710000
0.000000 0.250000 0.000000
0.000000 0.460000 0.000000
1.229999 0.110000 -0.250000
-2.109999 0.000000 0.000000
0.320000 0.000000 0.000000
0.489999 -0.110000 0.250000
-1.749999 0.000000 0.000000
0.769999 0.000000 0.000000
0.000000 0.000000 0.000000

1 0 0 0 10 0 -1 3
5.000000 5.000000 1.000000 1.000000
0.000000 0.000000 1.000000
0.000000 8.599997 0.000000
0.000000 -0.000000 0.000000

-0.260000 0.000000 0.000000
-0.150000 0.000000 0.000000
0.180000 0.000000 0.000000
-0.959999 0.300000 0.710000
0.000000 -0.250000 0.000000
0.000000 -0.460000 0.000000
-0.959999 0.310000 -0.710000
0.000000 0.250000 0.000000
0.000000 0.460000 0.000000
0.240000 0.110000 -0.250000
-0.310001 0.000000 0.000000
-0.790000 0.000000 0.000000
1.129999 -0.110000 0.250000
-2.179999 0.000000 0.000000
-0.340000 0.000000 0.000000
0.000000 0.000000 1.009999

0 0 0 0 10 0 -1 -1
80.000000 5.000000 1.000000 1.000000
0.000000 0.000000 1.000000
0.000000 0.000000 0.000000
0.000000 -0.000000 0.000000

-0.260000 0.000000 0.000000
-0.150000 0.000000 0.000000
0.230000 0.000000 0.000000
-0.959999 0.300000 0.710000
0.000000 -0.250000 0.000000
0.000000 -0.360000 -0.899999
-0.959999 0.310000 -0.710000
0.000000 0.250000 0.000000
0.000000 0.460000 0.000000
0.830000 0.110000 -0.250000
-1.310000 0.000000 0.000000
-0.130000 0.000000 0.000000
-0.170000 -0.110000 0.250000
-0.860000 0.000000 0.000000
-0.340000 0.000000 0.000000
0.000000 0.840000 0.000000


2 0 120 -1 16 25 3
0.000000 0.000000 0.000000

0 0 0 0 0 0 -1 -1
30.000000 0.000000 1.000000 1.000000
0.000000 0.000000 1.000000
0.000000 0.000000 0.000000
0.000000 4.099998 -1.500000

-0.040000 0.000000 0.000000
-0.150000 0.000000 0.000000
-0.200000 0.000000 0.000000
-0.030000 0.230000 0.540000
-0.340000 -0.130000 0.590000
-0.660000 -0.220000 -0.030000
0.030000 0.130000 -0.540000
0.000000 0.130000 -0.590000
0.000000 0.370000 0.030000
0.400000 0.480000 -0.190000
-0.969999 0.060000 0.060000
-0.080000 0.000000 0.060000
0.420000 0.000000 0.190000
-0.380000 0.030000 -0.060000
-0.330000 0.000000 -0.060000
-0.200000 0.000000 0.000000

0 0 0 0 0 0 -1 -1
65.000000 0.000000 1.000000 1.000000
0.000000 0.000000 1.000000
0.000000 0.000000 0.000000
0.000000 4.099998 -1.500000

-0.100000 0.000000 0.000000
-0.150000 0.000000 0.000000
-0.200000 0.000000 0.000000
-0.030000 0.230000 0.540000
-0.340000 -0.130000 0.590000
-0.660000 -0.220000 -0.030000
0.030000 0.130000 -0.540000
0.000000 0.130000 -0.590000
0.000000 0.370000 0.030000
0.400000 0.480000 -0.190000
-0.969999 0.060000 0.060000
-0.080000 0.000000 0.060000
0.420000 0.000000 0.190000
-0.380000 0.030000 -0.060000
-0.330000 0.000000 -0.060000
-0.200000 0.000000 0.000000


3 0 0 0 -1 -1 3
0.000000 -15.000000 0.000000

0 0 0 0 10 0 -1 -1
3.000000 5.000000 1.000000 1.000000
0.000000 0.000000 1.000000
0.000000 0.000000 0.000000
0.000000 -17.400030 0.000000

-0.520000 0.000000 0.000000
-0.150000 0.000000 0.000000
0.460000 0.000000 0.000000
-0.959999 0.300000 0.710000
0.000000 -0.250000 0.000000
0.000000 -0.460000 0.000000
-0.959999 1.439999 -0.710000
0.000000 0.250000 0.530000
0.000000 0.460000 0.989999
0.490000 0.110000 -0.260000
-1.749999 0.000000 0.000000
0.770000 0.000000 0.000000
1.459998 -0.110000 0.120000
-1.969999 0.000000 0.000000
0.439999 0.000000 0.000000
0.000000 0.000000 0.000000

1 0 0 0 0 0 -1 4
5.000000 0.000000 1.000000 0.200001
0.000000 0.000000 1.000000
0.000000 0.000000 23.000050
0.000000 1.000000 -1.600000

-0.280000 0.160000 0.000000
-0.280000 0.790000 -0.320000
0.340000 -0.750000 0.000000
0.000000 0.460000 0.300000
-0.460000 0.000000 0.260000
0.000000 -0.690000 -0.640000
0.000000 0.380000 -0.030000
0.500000 0.000000 -1.230000
0.000000 1.630000 0.000000
1.399999 0.000000 0.000000
-1.759999 0.000000 0.000000
0.160000 0.000000 0.000000
-0.250000 0.000000 0.000000
-0.530000 0.000000 0.000000
-0.500000 0.000000 0.000000
0.000000 1.979998 -1.169999

0 0 0 0 0 0 -1 -1
3.000000 0.000000 1.000000 0.200001
0.000000 0.000000 1.000000
0.000000 0.000000 36.000023
0.000000 1.000000 -1.600000

-0.280000 0.160000 0.000000
-0.280000 0.790000 -0.320000
0.340000 -0.750000 0.000000
0.000000 0.460000 0.300000
-0.460000 0.000000 0.260000
0.000000 -0.690000 -0.640000
0.000000 0.380000 -0.030000
0.500000 0.000000 -1.230000
0.000000 1.630000 0.000000
1.399999 0.000000 0.000000
-1.759999 0.000000 0.000000
0.160000 0.000000 0.000000
-0.250000 0.000000 0.000000
-0.530000 0.000000 0.000000
-0.500000 0.000000 0.000000
0.000000 1.979998 -1.169999


4 0 0 3 -1 -1 3
0.000000 0.000000 0.000000

0 0 0 0 10 1 -1 -1
5.000000 5.000000 1.000000 1.000000
0.000000 0.000000 1.000000
0.000000 0.000000 0.000000
0.000000 -17.400030 0.000000

-0.520000 0.000000 0.000000
-0.150000 0.000000 0.000000
0.460000 0.000000 0.000000
-0.959999 0.300000 0.710000
0.000000 -0.250000 0.000000
0.000000 -0.460000 0.000000
-0.959999 1.439999 -0.710000
0.000000 0.250000 0.530000
0.000000 0.460000 0.989999
0.490000 0.110000 -0.260000
-1.749999 0.000000 0.000000
0.770000 0.000000 0.000000
1.459998 -0.110000 0.120000
-1.969999 0.000000 0.000000
0.439999 0.000000 0.000000
0.000000 0.000000 0.000000

1 0 0 0 0 0 -1 4
8.000000 0.000000 1.000000 0.150001
0.000000 0.000000 1.000000
0.000000 8.099995 25.500059
0.000000 1.000000 -1.600000

-0.280000 0.160000 0.000000
-0.280000 0.790000 -0.320000
0.340000 -0.750000 0.000000
0.000000 0.460000 0.300000
-0.460000 0.000000 0.260000
0.000000 -0.690000 -0.640000
0.000000 0.380000 -0.030000
0.500000 0.000000 -1.230000
0.000000 1.630000 0.000000
1.399999 0.000000 0.000000
-1.759999 0.000000 0.000000
0.160000 0.000000 0.000000
-0.250000 0.000000 0.000000
-0.530000 0.000000 0.000000
-0.500000 0.000000 0.000000
0.000000 1.979998 -1.169999

8 0 0 0 0 0 -1 -1
8.000000 0.000000 1.000000 0.200001
0.000000 0.000000 1.000000
0.000000 -1.000000 -0.000002
0.000000 1.000000 -1.600000

-0.160000 0.160000 0.000000
-0.280000 0.790000 -0.320000
0.340000 -0.750000 0.000000
0.000000 0.460000 0.300000
-0.460000 0.000000 0.260000
0.000000 -0.690000 -0.640000
0.000000 0.380000 -0.030000
0.500000 0.000000 -1.230000
0.000000 1.630000 0.000000
1.399999 0.000000 0.000000
-1.759999 0.000000 0.000000
0.160000 0.000000 0.000000
-0.250000 0.000000 0.000000
-0.530000 0.000000 0.000000
-0.500000 0.000000 0.000000
0.000000 1.979998 -1.169999

8 0 0 0 0 0 -1 -1
8.000000 0.000000 1.000000 0.450001
0.000000 0.000000 1.000000
0.000000 -0.600000 -0.000002
0.000000 1.000000 -1.600000

-0.160000 0.160000 0.000000
-0.280000 0.400000 -0.100000
0.340000 -0.400000 0.000000
0.000000 0.460000 0.300000
-0.460000 0.000000 0.260000
0.000000 -0.690000 -0.640000
0.000000 0.380000 -0.030000
0.500000 0.000000 -0.580001
0.000000 1.020001 0.000000
1.109999 0.000000 0.000000
-0.520000 0.000000 0.000000
-0.500000 0.000000 0.000000
-0.250000 0.000000 0.000000
-0.980000 0.000000 0.000000
-0.110000 0.000000 0.000000
0.000000 1.979998 -1.169999


3 0 100 0 0 0 3
0.000000 0.000000 0.000000

1 0 0 0 10 1 -1 -1
3.000000 5.000000 1.000000 1.000000
0.000000 0.000000 1.000000
0.000000 0.000000 0.000000
0.000000 -0.500001 0.000000

-0.090000 0.000000 0.000000
-0.180000 0.000000 0.000000
0.200000 0.000000 0.000000
0.000000 -0.250000 0.240000
-0.660000 -1.209999 0.210000
-0.440000 0.100000 -0.390000
0.000000 0.570000 0.600000
0.000000 0.000000 0.020000
0.000000 0.550000 0.000000
0.050000 0.000000 0.000000
-1.129999 0.000000 0.000000
0.720000 0.000000 0.000000
0.989999 0.000000 0.070000
-1.099999 0.000000 0.000000
-0.050000 0.000000 0.000000
-0.100000 0.760000 -0.120000

0 0 0 0 10 1 -1 -1
32.000000 5.000000 1.000000 1.000000
0.000000 0.000000 1.000000
0.000000 0.000000 0.000000
0.000000 -3.000000 0.000000

0.080000 0.000000 0.000000
-0.340000 0.000000 0.000000
0.200000 0.000000 0.000000
0.000000 -0.250000 0.240000
-0.660000 -1.209999 0.210000
-0.440000 0.100000 -0.390000
0.000000 0.570000 0.600000
0.000000 0.000000 0.020000
0.000000 0.550000 0.000000
0.050000 0.000000 0.000000
-1.129999 0.000000 0.000000
0.720000 0.000000 0.000000
0.989999 0.000000 0.070000
-1.099999 0.000000 0.000000
-0.050000 0.000000 0.000000
-0.100000 0.760000 -0.120000

1 0 0 0 10 0 -1 -1
35.000000 5.000000 1.000000 1.000000
0.000000 0.000000 1.000000
0.000000 0.000000 0.000000
0.000000 3.100000 0.000000

0.000000 0.000000 0.000000
-0.200000 0.000000 0.000000
0.300000 0.000000 0.000000
0.000000 -0.125000 0.120000
-0.330000 -0.605000 0.210000
-0.220000 -0.480000 -0.195000
0.000000 0.285000 -0.100000
0.000000 0.270000 -0.240000
0.000000 0.375000 -0.100000
0.050000 0.000000 0.000000
-0.600000 0.000000 0.000000
0.220000 0.000000 0.000000
0.590000 0.000000 0.070000
-0.740000 0.000000 0.000000
-0.050000 0.000000 0.000000
-0.050000 0.380000 -0.060000


4 0 0 -1 0 0 3
0.000000 0.000000 0.000000

0 0 0 0 0 2 -1 -1
6.000000 0.000000 1.000000 0.200001
0.000000 0.000000 1.000000
0.000000 0.000000 0.000000
0.000000 -0.700000 -1.500000

-0.490000 0.000000 0.000000
0.010000 0.000000 0.000000
0.300000 0.000000 0.000000
-0.030000 -0.110000 0.500000
-0.340000 -0.110000 0.890000
-0.090000 -0.380000 -0.020000
0.030000 0.120000 -0.540000
-0.310000 0.999999 -0.580000
0.000000 0.280000 -0.190000
1.009999 0.070000 -0.020000
-0.390000 0.010000 0.120000
-0.340000 -0.000000 0.000000
0.540000 -0.330000 0.170000
-0.770000 0.000000 0.000000
-0.050000 0.000000 0.000000
0.200000 0.000000 0.000000

0 0 0 0 0 2 -1 -1
3.000000 0.000000 1.000000 0.300001
0.000000 0.000000 1.000000
0.000000 0.000000 0.000000
0.000000 -0.700000 -1.500000

0.000000 0.000000 0.000000
-0.510000 0.000000 0.000000
-0.570000 0.000000 0.000000
-0.030000 -0.110000 0.500000
-0.340000 -0.110000 0.890000
-0.090000 -0.380000 -0.020000
0.030000 0.460000 -0.500000
-0.310000 0.999999 -0.580000
0.000000 0.280000 -0.190000
0.730000 -0.070000 -0.140000
-0.230000 0.140000 0.000000
-0.500000 0.310000 -0.140000
0.260000 -0.330000 0.170000
-0.770000 0.000000 0.000000
-0.050000 0.000000 0.000000
0.200000 0.000000 0.000000

0 0 0 0 0 0 -1 -1
15.000000 0.000000 1.000000 0.400001
0.000000 0.000000 1.000000
0.000000 0.000000 0.000000
0.000000 -0.700000 -1.500000

0.330000 0.000000 0.000000
-0.530000 0.000000 0.000000
-0.570000 0.000000 0.000000
-0.030000 -0.110000 0.500000
-0.340000 -0.110000 0.890000
-0.090000 -0.380000 -0.020000
0.030000 0.270000 -0.500000
-0.310000 0.660000 -0.580000
0.000000 0.280000 -0.190000
0.590000 -0.070000 -0.140000
-0.230000 0.010000 0.000000
-0.380000 0.010000 -0.140000
0.420000 -0.330000 0.170000
-0.350000 0.000000 0.000000
-0.050000 0.000000 0.000000
0.200000 0.000000 0.000000

0 0 0 0 0 0 -1 -1
60.000000 0.000000 1.000000 0.500000
0.000000 0.000000 1.000000
0.000000 0.000000 0.000000
0.000000 -0.700000 -1.500000

0.770000 0.000000 0.000000
0.120000 0.000000 0.000000
0.180000 0.000000 0.000000
-0.030000 0.190000 0.500000
-0.340000 -0.110000 0.890000
-0.090000 -0.380000 -0.020000
0.030000 -0.330000 -0.500000
-0.310000 0.260000 -0.580000
0.000000 0.280000 -0.190000
0.590000 -0.070000 -0.140000
-0.230000 0.010000 0.000000
-0.380000 0.010000 -0.140000
0.420000 -0.330000 0.170000
-0.350000 0.000000 0.000000
-0.050000 0.000000 0.000000
0.200000 0.000000 0.820000


7 40 80 11 0 0 3
0.000000 0.000000 0.000000

0 0 0 0 0 0 -1 -1
5.000000 0.000000 1.000000 1.000000
0.000000 0.000000 1.000000
0.000000 0.000000 0.000000
0.000000 -37.799995 -1.500000

1.210000 0.000000 0.000000
0.120000 0.000000 0.000000
0.180000 0.000000 0.000000
-0.030000 0.190000 0.500000
-0.340000 -0.110000 0.890000
-0.090000 -0.380000 -0.020000
0.030000 -0.330000 -0.500000
-0.310000 0.260000 -0.580000
0.000000 0.280000 -0.190000
1.020000 -0.070000 -0.140000
-0.520000 0.470000 -0.290000
-0.380000 0.010000 -0.140000
1.099999 -0.330000 0.170000
-0.710000 0.000000 0.000000
-0.050000 0.000000 0.000000
0.780000 -1.589999 -0.159999

0 0 0 0 0 0 -1 -1
8.000000 0.000000 1.000000 1.000000
0.000000 0.000000 1.000000
0.000000 0.000000 0.000000
0.000000 -34.000053 -1.500000

1.210000 0.000000 0.000000
-0.919999 0.000000 0.000000
1.489999 0.000000 0.000000
-0.030000 -0.230000 0.500000
-0.340000 -0.480000 0.890000
-0.090000 -0.380000 -0.020000
0.030000 0.140000 -0.500000
-0.310000 0.270000 -0.580000
0.000000 0.350000 -0.190000
0.390000 -0.070000 -0.140000
-0.230000 0.010000 0.000000
-0.380000 0.010000 -0.140000
0.460000 -0.560000 0.170000
-0.160000 0.000000 0.000000
-0.050000 0.000000 0.000000
0.490000 -1.589999 -0.159999

0 0 0 0 0 0 -1 -1
3.000000 0.000000 1.000000 1.000000
0.000000 0.000000 1.000000
0.000000 0.000000 0.000000
0.000000 -34.000053 -1.500000

1.210000 0.000000 0.000000
-0.919999 0.000000 0.000000
-0.770000 0.000000 0.000000
-0.030000 -0.230000 0.500000
-0.340000 -0.480000 0.890000
-0.090000 -0.380000 -0.020000
0.030000 0.140000 -0.500000
-0.310000 0.270000 -0.580000
0.000000 0.350000 -0.190000
0.390000 -0.070000 -0.140000
-0.230000 0.010000 0.000000
-0.380000 0.010000 -0.140000
0.460000 -0.560000 0.170000
-0.160000 0.000000 0.000000
-0.050000 0.000000 0.000000
0.490000 -1.589999 -0.159999

0 0 0 0 0 0 -1 -1
5.000000 0.000000 1.000000 1.000000
0.000000 0.000000 1.000000
0.000000 0.000000 0.000000
0.000000 -34.000053 -1.500000

1.210000 0.000000 0.000000
-1.209999 0.000000 0.000000
-0.480000 0.000000 0.000000
-0.030000 -0.230000 0.500000
-0.340000 -0.480000 0.890000
-0.090000 -0.380000 -0.020000
0.030000 0.140000 -0.500000
-0.310000 0.270000 -0.580000
0.000000 0.350000 -0.190000
0.390000 -0.070000 -0.140000
-0.230000 0.010000 0.000000
-0.380000 0.010000 -0.140000
0.460000 -0.560000 0.170000
-0.160000 0.000000 0.000000
-0.050000 0.000000 0.000000
0.210000 -1.889999 -0.149999

0 0 0 0 0 0 -1 -1
15.000000 0.000000 1.000000 1.000000
0.000000 0.000000 1.000000
0.000000 0.000000 0.000000
0.000000 -34.000053 -1.500000

1.210000 0.000000 0.000000
-1.369999 0.000000 0.000000
-0.480000 0.000000 0.000000
-0.030000 -0.230000 0.500000
-0.340000 -0.480000 0.890000
-0.090000 -0.380000 -0.020000
0.030000 0.140000 -0.500000
-0.310000 0.270000 -0.580000
0.000000 0.350000 -0.190000
0.390000 -0.070000 -0.140000
-0.230000 0.010000 0.000000
-0.380000 0.010000 -0.140000
0.460000 -0.560000 0.170000
-0.160000 0.000000 0.000000
-0.050000 0.000000 0.000000
0.210000 -1.889999 -0.149999

0 0 0 0 0 0 -1 -1
25.000000 0.000000 1.000000 1.000000
0.000000 0.000000 1.000000
0.000000 0.000000 0.000000
0.000000 -37.799995 -1.500000

1.509999 0.000000 0.000000
0.080000 0.000000 0.000000
0.180000 0.000000 0.000000
-0.030000 0.190000 0.500000
-0.340000 -0.110000 0.890000
-0.090000 -0.380000 -0.020000
0.030000 -0.330000 -0.500000
-0.310000 0.260000 -0.580000
0.000000 0.280000 -0.190000
0.290000 -0.070000 -0.140000
-0.580000 0.010000 0.000000
-0.290000 0.010000 -0.000000
0.260000 -1.149999 0.090000
-0.350000 0.000000 0.000000
-0.050000 0.000000 0.000000
0.780000 -1.589999 -0.159999

0 0 0 0 0 0 -1 -1
120.000000 0.000000 1.000000 1.000000
0.000000 0.000000 1.000000
0.000000 0.000000 0.000000
0.000000 -37.799995 -1.500000

1.509999 0.000000 0.000000
0.080000 0.000000 0.000000
0.180000 0.000000 0.000000
-0.030000 0.190000 0.500000
-0.340000 -0.110000 0.890000
-0.090000 -0.380000 -0.020000
0.030000 -0.330000 -0.500000
-0.310000 0.260000 -0.580000
0.000000 0.280000 -0.190000
0.290000 -0.070000 -0.140000
-0.580000 0.010000 0.000000
-0.290000 0.010000 -0.000000
0.260000 -1.149999 0.090000
-0.350000 0.000000 0.000000
-0.050000 0.000000 0.000000
0.780000 -1.589999 -0.159999


2 5 25 0 0 0 3
0.000000 -15.000000 5.000000

0 0 0 0 0 0 -1 -1
10.000000 0.000000 1.000000 1.000000
0.000000 0.000000 1.000000
0.000000 0.000000 0.000000
0.000000 -32.500076 -1.500000

1.509999 0.000000 0.000000
-0.800000 0.000000 0.000000
0.180000 0.000000 0.000000
-0.100000 -0.670000 0.300000
-0.340000 -0.110000 0.890000
-0.090000 -0.380000 -0.020000
0.030000 -0.330000 -0.500000
-0.310000 0.260000 -0.580000
0.000000 0.280000 -0.190000
0.830000 -0.070000 -0.140000
-1.739999 0.010000 0.000000
-0.670000 0.010000 -0.000000
0.260000 -1.149999 0.090000
-0.350000 0.000000 0.000000
-0.050000 0.000000 0.000000
0.780000 -1.589999 -0.159999

0 0 0 0 0 0 -1 -1
10.000000 0.000000 1.000000 1.000000
0.000000 0.000000 1.000000
0.000000 0.000000 0.000000
0.000000 -2.699998 -1.500000

-0.140000 0.000000 0.000000
-0.380000 0.000000 0.000000
-0.070000 0.000000 0.000000
-0.100000 -0.670000 0.300000
-0.340000 -0.110000 0.890000
-0.090000 -0.380000 -0.020000
0.030000 -0.330000 -0.500000
-0.310000 0.260000 -0.580000
0.000000 0.280000 -0.190000
0.850000 -0.070000 -0.140000
-1.319999 0.010000 0.000000
0.480000 0.010000 -0.000000
0.030000 -0.190000 0.090000
-1.049999 0.000000 0.000000
0.750000 0.000000 0.000000
0.040000 0.000000 -0.010000


11 0 0 11 0 0 3
0.000000 0.000000 0.000000

0 0 0 0 0 0 -1 -1
5.000000 0.000000 1.000000 1.000000
0.000000 0.000000 1.000000
0.000000 0.000000 0.000000
0.000000 -37.799995 -1.500000

1.210000 0.000000 0.000000
0.120000 0.000000 0.000000
0.180000 0.000000 0.000000
-0.030000 0.190000 0.500000
-0.340000 -0.110000 0.890000
-0.090000 -0.380000 -0.020000
0.030000 -0.330000 -0.500000
-0.310000 0.260000 -0.580000
0.000000 0.280000 -0.190000
1.020000 -0.070000 -0.140000
-0.520000 0.470000 -0.290000
-0.380000 0.010000 -0.140000
1.099999 -0.330000 0.170000
-0.710000 0.000000 0.000000
-0.050000 0.000000 0.000000
0.780000 -1.589999 -0.159999

0 0 0 0 0 0 -1 -1
8.000000 0.000000 1.000000 1.000000
0.000000 0.000000 1.000000
0.000000 0.000000 0.000000
0.000000 -34.000053 -1.500000

1.210000 0.000000 0.000000
-0.919999 0.000000 0.000000
-0.770000 0.000000 0.000000
-0.030000 -0.230000 0.500000
-0.340000 -0.480000 0.890000
-0.090000 -0.380000 -0.020000
0.030000 0.140000 -0.500000
-0.310000 0.270000 -0.580000
0.000000 0.350000 -0.190000
0.390000 -0.070000 -0.140000
-0.230000 0.010000 0.000000
-0.380000 0.010000 -0.140000
0.460000 -0.560000 0.170000
-0.160000 0.000000 0.000000
-0.050000 0.000000 0.000000
0.490000 -1.589999 -0.159999

0 0 0 0 0 0 -1 -1
8.000000 0.000000 1.000000 1.000000
0.000000 0.000000 1.000000
0.000000 0.000000 0.000000
0.000000 -34.000053 -1.500000

1.210000 0.000000 0.000000
-1.369999 0.000000 0.000000
-0.480000 0.000000 0.000000
-0.030000 -0.230000 0.500000
-0.340000 -0.480000 0.890000
-0.090000 -0.380000 -0.020000
0.030000 0.140000 -0.500000
-0.310000 0.270000 -0.580000
0.000000 0.350000 -0.190000
0.390000 -0.070000 -0.140000
-0.230000 0.010000 0.000000
-0.380000 0.010000 -0.140000
0.460000 -0.560000 0.170000
-0.160000 0.000000 0.000000
-0.050000 0.000000 0.000000
0.210000 -1.889999 -0.149999

0 0 0 0 0 0 -1 -1
30.000000 0.000000 1.000000 1.000000
0.000000 0.000000 1.000000
0.000000 0.000000 0.000000
0.000000 -34.000053 -1.500000

1.210000 0.000000 0.000000
-1.369999 0.000000 0.000000
-0.480000 0.000000 0.000000
-0.030000 -0.230000 0.500000
-0.340000 -0.480000 0.890000
-0.090000 -0.380000 -0.020000
0.030000 0.140000 -0.500000
-0.310000 0.270000 -0.580000
0.000000 0.350000 -0.190000
0.390000 -0.070000 -0.140000
-0.230000 0.010000 0.000000
-0.380000 0.010000 -0.140000
0.460000 -0.560000 0.170000
-0.160000 0.000000 0.000000
-0.050000 0.000000 0.000000
0.210000 -1.889999 -0.149999

0 0 0 0 0 0 -1 -1
12.000000 0.000000 1.000000 1.000000
0.000000 0.000000 1.000000
0.000000 0.000000 0.000000
0.000000 -37.400002 -1.500000

1.300000 0.000000 0.000000
-1.309999 0.000000 0.000000
0.300000 0.000000 0.000000
0.210000 -1.299999 0.080000
-0.420000 -0.010000 0.100000
-0.090000 -0.380000 -0.020000
0.030000 0.140000 -0.500000
-0.310000 0.270000 -0.580000
0.000000 0.350000 -0.190000
0.390000 -0.070000 -0.140000
-0.230000 0.010000 0.000000
-0.380000 0.010000 -0.140000
0.660000 -0.560000 0.170000
-0.670000 0.000000 0.000000
-0.300000 0.000000 0.000000
0.840000 -1.589999 -0.159999

0 0 0 0 0 0 -1 -1
60.000000 0.000000 1.000000 1.000000
0.000000 0.000000 1.000000
0.000000 0.000000 0.000000
0.000000 -37.400002 -1.500000

1.300000 0.000000 0.000000
-1.469998 0.000000 0.000000
0.300000 0.000000 0.000000
0.210000 -1.299999 -0.040000
-0.420000 -0.010000 0.100000
-0.090000 -0.380000 -0.020000
0.030000 0.140000 -0.360000
-0.310000 0.270000 -0.580000
0.000000 0.350000 -0.190000
0.390000 -0.070000 -0.140000
-0.230000 0.010000 0.000000
-0.380000 0.010000 -0.140000
0.660000 -0.560000 0.170000
-0.670000 0.000000 0.000000
-0.300000 0.000000 0.000000
0.840000 -1.589999 -0.159999

0 0 0 0 0 0 -1 -1
60.000000 0.000000 1.000000 1.000000
0.000000 0.000000 1.000000
0.000000 0.000000 0.000000
0.000000 -37.400002 -1.500000

1.300000 0.000000 0.000000
-1.309999 0.000000 0.000000
0.300000 0.000000 0.000000
0.210000 -1.299999 0.080000
-0.420000 -0.010000 0.100000
-0.090000 -0.380000 -0.020000
0.030000 0.140000 -0.500000
-0.310000 0.270000 -0.580000
0.000000 0.350000 -0.190000
0.390000 -0.070000 -0.140000
-0.230000 0.010000 0.000000
-0.380000 0.010000 -0.140000
0.660000 -0.560000 0.170000
-0.670000 0.000000 0.000000
-0.300000 0.000000 0.000000
0.840000 -1.589999 -0.159999

0 0 0 0 0 0 -1 -1
60.000000 0.000000 1.000000 1.000000
0.000000 0.000000 1.000000
0.000000 0.000000 0.000000
0.000000 -37.400002 -1.500000

1.300000 0.000000 0.000000
-1.469998 0.000000 0.000000
0.300000 0.000000 0.000000
0.210000 -1.299999 -0.040000
-0.420000 -0.010000 0.100000
-0.090000 -0.380000 -0.020000
0.030000 0.140000 -0.360000
-0.310000 0.270000 -0.580000
0.000000 0.350000 -0.190000
0.390000 -0.070000 -0.140000
-0.230000 0.010000 0.000000
-0.380000 0.010000 -0.140000
0.660000 -0.560000 0.170000
-0.670000 0.000000 0.000000
-0.300000 0.000000 0.000000
0.840000 -1.589999 -0.159999

0 0 0 0 0 0 -1 -1
90.000000 0.000000 1.000000 1.000000
0.000000 0.000000 1.000000
0.000000 0.000000 0.000000
0.000000 -37.400002 -1.500000

1.300000 0.000000 0.000000
-1.309999 0.000000 0.000000
0.300000 0.000000 0.000000
0.210000 -1.299999 0.080000
-0.420000 -0.010000 0.100000
-0.090000 -0.380000 -0.020000
0.030000 0.140000 -0.500000
-0.310000 0.270000 -0.580000
0.000000 0.350000 -0.190000
0.390000 -0.070000 -0.140000
-0.230000 0.010000 0.000000
-0.380000 0.010000 -0.140000
0.660000 -0.560000 0.170000
-0.670000 0.000000 0.000000
-0.300000 0.000000 0.000000
0.840000 -1.589999 -0.159999

0 0 0 0 0 0 -1 -1
90.000000 0.000000 1.000000 1.000000
0.000000 0.000000 1.000000
0.000000 0.000000 0.000000
0.000000 -37.400002 -1.500000

1.300000 0.000000 0.000000
-1.469998 0.000000 0.000000
0.300000 0.000000 0.000000
0.210000 -1.299999 -0.040000
-0.420000 -0.010000 0.100000
-0.090000 -0.380000 -0.020000
0.030000 0.140000 -0.360000
-0.310000 0.270000 -0.580000
0.000000 0.350000 -0.190000
0.390000 -0.070000 -0.140000
-0.230000 0.010000 0.000000
-0.380000 0.010000 -0.140000
0.660000 -0.560000 0.170000
-0.670000 0.000000 0.000000
-0.300000 0.000000 0.000000
0.840000 -1.589999 -0.159999

0 0 0 0 0 0 -1 11
1.000000 0.000000 1.000000 1.000000
0.000000 0.000000 1.000000
0.000000 0.000000 0.000000
0.000000 -37.400002 -1.500000

1.300000 0.000000 0.000000
-1.469998 0.000000 0.000000
0.300000 0.000000 0.000000
0.210000 -1.299999 -0.040000
-0.420000 -0.010000 0.100000
-0.090000 -0.380000 -0.020000
0.030000 0.140000 -0.360000
-0.310000 0.270000 -0.580000
0.000000 0.350000 -0.190000
0.390000 -0.070000 -0.140000
-0.230000 0.010000 0.000000
-0.380000 0.010000 -0.140000
0.660000 -0.560000 0.170000
-0.670000 0.000000 0.000000
-0.300000 0.000000 0.000000
0.840000 -1.589999 -0.159999


4 18 83 0 14 -1 3
0.000000 0.000000 0.000000

0 0 0 0 0 0 -1 -1
10.000000 0.000000 1.000000 1.000000
0.000000 0.000000 1.000000
0.000000 0.000000 0.000000
0.000000 2.400000 -1.500000

-0.240000 0.000000 0.010000
0.050000 0.000000 0.000000
0.140000 -0.230000 0.000000
-0.070000 0.710000 -0.060000
0.200000 0.110000 -0.090000
-0.400000 -0.220000 -0.030000
0.030000 0.400000 -0.330000
0.000000 0.130000 -0.590000
0.000000 0.939999 0.030000
-0.070000 0.200000 -0.190000
-0.600000 -0.200000 0.000000
-0.260000 0.000000 0.060000
0.970000 -0.200000 0.190000
-0.950000 0.030000 -0.060000
-0.270000 0.000000 -0.060000
0.000000 0.000000 1.109999

5 0 0 0 0 0 -1 -1
5.000000 0.000000 1.000000 1.000000
0.000000 0.000000 1.000000
0.000000 0.000000 1.600000
0.000000 2.500000 -1.500000

-0.490000 0.400000 0.010000
0.260000 0.560000 0.000000
0.230000 -1.089999 0.000000
0.000000 0.000000 -0.540000
0.200000 0.510000 -0.090000
-0.400000 0.200000 -0.030000
0.030000 0.400000 -0.110000
0.000000 0.320000 -0.210000
0.000000 0.969999 0.030000
0.180000 0.200000 -0.190000
-1.020000 -0.200000 0.000000
-0.260000 0.000000 0.060000
0.790000 -0.060000 0.190000
-0.220000 0.030000 -0.060000
0.040000 0.000000 -0.060000
0.000000 0.000000 0.999999

0 0 6 1504 3 0 -1 500
8.000000 20.000172 1.000000 0.200001
0.000000 0.000000 3.599999
0.000000 0.000000 0.000000
0.000000 2.500000 -1.500000

-0.860000 -0.410000 0.010000
-0.100000 -0.280000 0.000000
0.939999 0.000000 0.000000
-1.949998 -1.319999 -0.540000
-0.430000 -0.140000 -0.090000
-1.099999 0.190000 -0.030000
0.030000 0.400000 -0.110000
0.000000 0.320000 -0.210000
0.000000 0.969999 0.030000
0.350000 0.200000 -0.190000
-1.020000 -0.200000 0.000000
-0.260000 0.000000 0.060000
1.050000 -0.060000 0.190000
-0.220000 0.030000 -0.060000
0.040000 0.000000 -0.060000
0.000000 0.000000 2.179998

0 0 0 0 0 0 -1 -1
35.000000 0.000000 1.000000 1.000000
0.000000 0.000000 1.000000
0.000000 0.000000 0.000000
0.000000 2.400000 -1.500000

-0.860000 -0.410000 0.010000
-0.100000 -0.280000 0.000000
0.939999 0.000000 0.000000
-1.949998 -1.319999 -0.540000
-0.430000 -0.140000 -0.090000
-1.099999 0.190000 -0.030000
0.030000 0.400000 -0.110000
0.000000 0.320000 -0.210000
0.000000 0.969999 0.030000
0.350000 0.200000 -0.190000
-1.020000 -0.200000 0.000000
-0.260000 0.000000 0.060000
1.050000 -0.060000 0.190000
-0.220000 0.030000 -0.060000
0.040000 0.000000 -0.060000
0.000000 0.000000 2.269998


3 41 41 0 -1 -1 3
0.000000 0.000000 0.000000

5 0 0 0 0 0 -1 -1
10.000000 0.000000 1.000000 1.000000
0.000000 0.000000 1.000000
0.000000 0.000000 1.600000
0.000000 -1.800001 -1.500000

-0.860000 -0.410000 0.010000
-0.270000 -0.560000 0.000000
0.629999 0.300000 0.000000
-1.949998 -1.319999 -0.540000
-0.430000 -0.140000 -0.090000
-1.099999 0.190000 -0.030000
0.030000 0.400000 -0.110000
0.000000 0.320000 -0.210000
0.000000 0.969999 0.030000
1.709999 -0.040000 -0.100000
-1.230000 0.000000 0.000000
0.200000 0.000000 0.060000
0.510000 -0.060000 0.190000
-0.660000 0.030000 -0.060000
0.040000 0.000000 -0.060000
-1.069999 0.000000 2.269998

0 0 6 1504 2 0 -1 500
5.000000 20.000040 0.750000 0.200001
0.000000 0.000000 3.599999
0.000000 0.000000 1.600000
0.000000 0.199999 -1.500000

-0.150001 0.010000 0.010000
-0.110000 0.290000 0.000000
0.069999 0.000000 0.000000
-1.949998 0.550000 -0.540000
0.440000 -0.140000 -0.090000
-0.649999 0.190000 -0.030000
0.030000 0.400000 -0.110000
0.000000 0.320000 -0.210000
0.000000 0.969999 0.030000
0.710000 -0.040000 -0.100000
-1.010000 0.000000 0.000000
0.200000 0.000000 0.060000
0.090000 -0.060000 0.190000
-0.660000 0.030000 -0.060000
0.040000 0.000000 -0.060000
-1.069999 0.000000 2.269998

0 0 6 1504 2 0 -1 -1
35.000000 20.000040 0.750000 0.200001
0.000000 0.000000 3.599999
0.000000 0.000000 1.600000
0.000000 0.199999 -1.500000

-0.100001 0.210000 0.010000
-0.110000 0.290000 0.000000
0.069999 0.000000 0.000000
-1.949998 0.550000 -0.540000
0.440000 -0.140000 -0.090000
-0.649999 0.190000 -0.030000
0.030000 0.400000 -0.110000
0.000000 0.320000 -0.210000
0.000000 0.969999 0.030000
0.710000 -0.040000 -0.100000
-1.010000 0.000000 0.000000
0.200000 0.000000 0.060000
0.090000 -0.060000 0.190000
-0.660000 0.030000 -0.060000
0.040000 0.000000 -0.060000
-1.069999 0.000000 2.269998


8 0 0 0 -1 -1 3
0.000000 0.000000 0.000000

0 0 6 1504 2 0 -1 2
4.000000 20.000040 0.750000 0.200001
0.000000 0.000000 3.599999
0.000000 0.000000 1.600000
0.000000 0.199999 -1.500000

-0.100001 0.210000 0.010000
-0.110000 0.290000 0.000000
0.069999 0.000000 0.000000
-1.949998 0.550000 -0.540000
0.440000 -0.140000 -0.090000
-0.649999 0.190000 -0.030000
0.030000 0.400000 -0.110000
0.000000 0.320000 -0.210000
0.000000 0.969999 0.030000
0.710000 -0.040000 -0.100000
-1.010000 0.000000 0.000000
0.200000 0.000000 0.060000
0.090000 -0.060000 0.190000
-0.660000 0.030000 -0.060000
0.040000 0.000000 -0.060000
-1.069999 0.000000 2.269998

0 0 6 1504 2 0 -1 2
3.000000 20.000040 0.750000 0.200001
0.000000 0.000000 3.599999
0.000000 0.000000 1.600000
0.000000 0.199999 -1.500000

-0.100001 -3.133188 0.010000
-0.110000 0.290000 0.000000
0.069999 0.000000 0.000000
-1.949998 0.550000 -0.540000
0.440000 -0.140000 -0.090000
-0.649999 0.190000 -0.030000
0.030000 0.400000 -0.110000
0.000000 0.320000 -0.210000
0.000000 0.969999 0.030000
0.710000 -0.040000 -0.100000
-1.010000 0.000000 0.000000
0.200000 0.000000 0.060000
0.090000 -0.060000 0.190000
-0.660000 0.030000 -0.060000
0.040000 0.000000 -0.060000
-1.069999 0.000000 2.269998

0 0 6 1504 3 0 -1 2
3.000000 20.000040 2.159999 0.200001
0.000000 4.599998 16.000025
0.000000 0.000000 0.000000
0.000000 -2.600000 -1.500000

-0.230001 -1.006809 0.000000
-0.380000 -0.400000 0.000000
0.370000 0.000000 0.000000
0.000000 -1.729999 0.390000
0.000000 -0.340000 0.300000
0.000000 -0.310000 0.060000
0.030000 0.400000 -0.110000
0.000000 0.320000 -0.210000
0.000000 0.969999 0.030000
0.690000 0.420000 -0.300000
-0.530000 0.000000 0.000000
-0.390000 0.000000 0.060000
-0.110000 0.000000 -0.010000
-0.830000 0.000000 0.000000
-0.320000 0.000000 -0.060000
0.000000 0.000000 1.139999

0 0 0 0 0 0 -1 -1
4.000000 0.000000 1.000000 1.000000
0.000000 0.000000 1.000000
0.000000 0.000000 0.000000
0.000000 -6.099997 -1.500000

-0.230001 -0.626810 0.000000
-0.380000 0.050000 0.000000
0.160000 0.520000 0.000000
0.100000 -0.290000 -0.430000
0.000000 -0.340000 0.170000
0.000000 -0.310000 0.060000
0.030000 0.400000 -0.110000
0.000000 0.320000 -0.210000
0.000000 0.969999 0.030000
1.109999 0.000000 -0.610000
-0.710000 0.000000 0.000000
-0.390000 0.000000 0.060000
0.949999 -0.570000 -0.010000
-1.699999 0.000000 0.000000
0.440000 0.000000 -0.060000
0.000000 0.000000 1.139999

0 0 0 0 0 0 0 0
10.000000 0.000000 1.000000 1.000000
0.000000 0.000000 1.000000
0.000000 0.000000 0.000000
0.000000 -6.099997 -1.500000

-0.210001 -0.626810 0.000000
-0.380000 0.050000 0.000000
0.160000 0.520000 0.000000
0.100000 -0.290000 -0.430000
0.000000 -0.340000 0.170000
0.000000 -0.310000 0.060000
0.030000 0.400000 -0.110000
0.000000 0.320000 -0.210000
0.000000 0.969999 0.030000
1.109999 0.000000 -0.610000
-0.710000 0.000000 0.000000
-0.390000 0.000000 0.060000
0.949999 -0.570000 -0.010000
-1.699999 0.000000 0.000000
0.440000 0.000000 -0.060000
0.000000 0.000000 1.139999

0 0 0 0 0 0 -1 -1
8.000000 0.000000 1.000000 1.000000
0.000000 0.000000 1.000000
0.000000 0.000000 0.000000
0.000000 -6.099997 -1.500000

0.189999 -0.626810 0.000000
-0.260000 0.050000 0.000000
0.160000 0.520000 0.000000
0.100000 0.180000 -0.830000
0.200000 -0.340000 0.010000
0.000000 -0.310000 -0.080000
0.030000 0.400000 -0.110000
0.000000 0.320000 -0.210000
0.000000 0.969999 0.030000
0.899999 0.000000 -0.610000
-0.630000 0.000000 0.000000
-0.390000 0.000000 0.060000
0.729999 -0.340000 -0.010000
-1.699999 0.000000 0.000000
0.440000 0.000000 -0.060000
0.000000 0.000000 1.139999

0 0 0 0 0 0 -1 -1
35.000000 0.000000 1.000000 1.000000
0.000000 0.000000 1.000000
0.000000 0.000000 0.000000
0.000000 -6.099997 -1.500000

0.189999 -0.626810 0.000000
-0.260000 0.050000 0.000000
0.160000 0.520000 0.000000
0.100000 0.180000 -0.830000
0.200000 -0.340000 0.010000
0.000000 -0.310000 -0.080000
0.030000 0.400000 -0.110000
0.000000 0.320000 -0.210000
0.000000 0.969999 0.030000
0.899999 0.000000 -0.610000
-0.630000 0.000000 0.000000
-0.390000 0.000000 0.060000
0.729999 -0.340000 -0.010000
-1.699999 0.000000 0.000000
0.440000 0.000000 -0.060000
0.000000 0.000000 1.139999

0 0 6 1504 2 0 -1 2
10.000000 20.000040 0.750000 0.200001
0.000000 0.000000 3.599999
0.000000 0.000000 1.600000
0.000000 0.199999 -1.500000

-0.150001 0.010000 0.010000
-0.110000 0.290000 0.000000
0.069999 0.000000 0.000000
-0.160000 0.000000 0.580000
-0.320000 -0.140000 -0.090000
-0.229999 0.190000 -0.030000
0.030000 0.400000 -0.110000
0.000000 0.320000 -0.210000
0.000000 0.969999 0.030000
1.110000 0.550000 -0.100000
-1.360000 -0.210000 0.000000
0.100000 0.000000 0.060000
0.790000 -0.060000 0.190000
-1.190000 0.240000 -0.060000
0.040000 0.000000 -0.060000
0.000000 0.000000 0.000000


4 0 0 5 16 24 3
0.000000 0.000000 0.000000

0 0 0 0 0 1 -1 -1
5.000000 0.000000 1.000000 1.000000
0.000000 0.000000 1.000000
0.000000 0.000000 0.000000
0.000000 -3.099999 -1.500000

-0.010000 0.000000 0.010000
0.110000 0.200000 0.000000
0.000000 -0.200000 0.000000
-0.070000 0.710000 -0.060000
0.200000 0.110000 -0.090000
-0.400000 -0.220000 -0.030000
0.030000 0.400000 -0.330000
0.000000 0.130000 -0.590000
0.000000 0.939999 0.030000
-0.400000 0.200000 -0.190000
-0.600000 -0.200000 0.000000
-0.260000 0.000000 0.060000
0.620000 -0.200000 0.190000
-0.950000 0.030000 -0.060000
-0.270000 0.000000 -0.060000
0.000000 0.000000 1.109999

5 0 0 0 0 1 -1 -1
5.000000 0.000000 1.000000 1.000000
0.000000 0.000000 1.000000
0.000000 0.000000 1.600000
0.000000 -0.900000 -1.500000

-0.280000 0.400000 0.010000
0.260000 0.560000 0.000000
0.230000 -1.089999 0.000000
0.000000 0.000000 -0.540000
0.200000 0.510000 -0.090000
-0.400000 0.200000 -0.030000
0.030000 0.400000 -0.110000
0.000000 0.320000 -0.210000
0.000000 0.969999 0.030000
-0.260000 0.200000 -0.190000
-1.020000 -0.200000 0.000000
-0.260000 0.000000 0.060000
1.250000 -0.060000 0.190000
-1.529999 0.030000 -0.060000
0.040000 0.000000 -0.060000
0.000000 0.000000 0.999999

0 0 6 1504 3 1 -1 2
5.000000 20.000172 1.410000 0.200001
0.000000 3.499999 3.599999
0.000000 0.000000 0.000000
0.000000 -0.900000 -1.500000

-0.860000 -0.410000 0.010000
-0.100000 -0.280000 0.000000
0.939999 0.000000 0.000000
-1.949998 -1.319999 -0.540000
-0.430000 -0.140000 -0.090000
-1.099999 0.190000 -0.030000
0.030000 0.400000 -0.110000
0.000000 0.320000 -0.210000
0.000000 0.969999 0.030000
0.350000 0.200000 -0.190000
-1.020000 -0.200000 0.000000
-0.260000 0.000000 0.060000
1.050000 -0.060000 0.190000
-0.220000 0.030000 -0.060000
0.040000 0.000000 -0.060000
0.000000 0.000000 2.179998

0 0 0 0 0 0 -1 -1
35.000000 0.000000 1.000000 1.000000
0.000000 0.000000 1.000000
0.000000 0.000000 0.000000
0.000000 -0.900000 -1.500000

-0.860000 -0.900000 0.010000
-0.100000 -0.280000 0.000000
0.939999 0.000000 0.000000
-1.949998 -1.319999 -0.540000
-0.430000 -0.140000 -0.090000
-1.099999 0.190000 -0.030000
0.030000 0.400000 -0.110000
0.000000 0.320000 -0.210000
0.000000 0.969999 0.030000
0.350000 0.200000 -0.190000
-1.020000 -0.200000 0.000000
-0.260000 0.000000 0.060000
1.050000 -0.060000 0.190000
-0.220000 0.030000 -0.060000
0.040000 0.000000 -0.060000
0.000000 0.000000 2.269998


7 20 38 5 -1 -1 3
0.000000 -20.000000 0.000000

5 0 0 0 0 1 -1 -1
4.000000 0.000000 1.000000 1.000000
0.000000 0.000000 1.000000
0.000000 0.000000 1.600000
0.000000 -0.900000 -1.500000

-0.860000 -1.509999 0.010000
-0.100000 -0.280000 0.000000
0.939999 0.000000 0.000000
-1.949998 -1.319999 -0.540000
-0.430000 -0.140000 -0.090000
-1.099999 0.190000 -0.030000
0.030000 0.400000 -0.110000
0.000000 0.320000 -0.210000
0.000000 0.969999 0.030000
0.350000 0.200000 -0.190000
-1.020000 -0.200000 0.000000
-0.260000 0.000000 0.060000
1.050000 -0.060000 0.190000
-0.220000 0.030000 -0.060000
0.040000 0.000000 -0.060000
0.000000 0.000000 2.269998

5 0 0 0 0 1 -1 -1
4.000000 0.000000 1.000000 1.000000
0.000000 0.000000 1.000000
0.000000 0.000000 1.600000
0.000000 -0.900000 -1.500000

-0.860000 -3.139997 0.010000
-0.100000 -0.280000 0.000000
0.270000 -0.290000 -0.350000
-1.949998 -0.849999 -0.540000
-0.430000 -0.140000 -0.090000
-1.099999 0.190000 -0.030000
0.030000 0.400000 -0.110000
0.000000 0.320000 -0.210000
0.000000 0.969999 0.030000
1.399999 0.200000 -0.190000
-1.170000 -0.200000 0.000000
0.380000 0.000000 0.060000
1.400000 -0.060000 0.190000
-0.220000 0.030000 -0.060000
-0.440000 0.000000 -0.060000
0.000000 0.000000 2.269998

5 0 0 0 0 1 -1 -1
6.000000 0.000000 1.000000 1.000000
0.000000 0.000000 1.000000
0.000000 0.000000 1.600000
0.000000 -0.900000 -1.500000

-0.300001 1.653189 0.010000
0.310000 -0.280000 0.000000
0.140000 -0.560000 0.000000
-1.949998 0.080000 0.639999
-0.430000 -0.140000 0.190000
-0.170000 -0.050000 -0.030000
0.030000 0.850000 -0.110000
0.000000 0.140000 -0.210000
0.000000 0.150000 0.330000
0.230000 0.200000 -0.190000
-1.020000 -0.200000 0.000000
-0.260000 0.000000 0.060000
1.529999 -0.060000 0.190000
-2.209998 0.030000 -0.060000
0.440000 0.000000 -0.060000
0.000000 0.000000 2.269998

0 0 6 1504 3 1 -1 2
5.000000 20.000040 2.009999 1.000000
0.000000 4.499998 20.000040
0.000000 0.000000 0.000000
0.000000 -14.900021 -1.500000

-0.530000 -1.006809 0.010000
-0.150000 -0.290000 0.000000
0.140000 1.029999 0.260000
-2.559998 -1.219999 0.010000
-0.430000 -0.000000 -0.440000
0.170000 0.000000 -0.480000
0.030000 0.470000 -0.110000
0.000000 0.530000 -0.730000
0.000000 0.150000 0.030000
0.230000 0.760000 -0.190000
-1.020000 -0.200000 0.000000
-0.260000 0.000000 0.060000
1.529999 0.340000 0.190000
-2.209998 0.380000 -0.060000
0.440000 0.000000 -0.060000
-0.870000 0.000000 1.909998

0 0 0 0 0 1 -1 -1
6.000000 0.000000 1.000000 1.000000
0.000000 0.000000 1.000000
0.000000 0.000000 0.000000
0.000000 -14.900021 -1.500000

-1.869999 -0.506809 0.010000
-0.150000 -0.290000 0.000000
0.070000 0.515000 0.130000
-2.559998 -1.219999 0.010000
-0.430000 -0.000000 -0.440000
0.170000 0.000000 -0.480000
0.030000 0.470000 -0.110000
0.000000 0.530000 -0.730000
0.000000 0.150000 0.030000
0.230000 0.760000 -0.190000
-1.020000 -0.200000 0.000000
-0.260000 0.000000 0.060000
1.529999 0.340000 0.190000
-2.209998 0.380000 -0.060000
0.440000 0.000000 -0.060000
-0.870000 0.000000 1.909998

0 0 0 0 0 1 -1 -1
12.000000 0.000000 1.000000 1.000000
0.000000 0.000000 1.000000
0.000000 0.000000 0.000000
0.000000 -14.900021 -1.500000

2.283189 -0.203404 0.000000
-0.150000 -0.145000 0.000000
0.035000 0.128750 0.065000
-2.559998 -0.609999 0.010000
-0.430000 -0.000000 -0.440000
0.170000 0.000000 -0.480000
0.030000 0.235000 -0.110000
0.000000 0.265000 -0.730000
0.000000 0.075000 0.030000
0.230000 0.380000 -0.190000
-1.020000 -0.200000 0.000000
-0.260000 0.000000 0.060000
1.529999 0.340000 0.190000
-2.209998 0.380000 -0.060000
0.440000 0.000000 -0.060000
-0.870000 0.000000 1.909998

0 0 0 0 0 1 -1 -1
20.000000 0.000000 1.000000 1.000000
0.000000 0.000000 1.000000
0.000000 0.000000 0.000000
0.000000 -14.900021 -1.500000

0.793190 -0.003404 0.000000
-0.150000 -0.145000 0.000000
0.017500 0.064375 0.032500
-0.640000 -0.152500 0.002500
-0.215000 -0.000000 -0.220000
0.085000 0.000000 -0.240000
0.015000 0.117500 -0.055000
0.000000 0.132500 -0.365000
0.000000 0.037500 0.015000
0.115000 0.190000 -0.095000
-0.510000 -0.100000 0.000000
-0.130000 0.000000 0.030000
0.382500 0.170000 0.095000
-0.552499 0.190000 -0.030000
0.220000 0.000000 -0.030000
-0.435000 0.000000 0.948749


10 41 41 0 0 0 3
0.000000 0.000000 0.000000

0 0 0 0 0 1 -1 -1
1.000000 0.000000 1.000000 3.009999
0.000000 0.000000 1.000000
0.000000 0.000000 6.099995
0.000000 1.000000 -1.600000

-0.280000 0.160000 0.000000
-0.280000 0.790000 -0.320000
0.340000 -0.750000 0.000000
0.000000 0.460000 0.300000
-0.460000 0.000000 0.260000
0.000000 -0.690000 -0.640000
0.000000 0.380000 -0.030000
0.500000 0.000000 -1.230000
0.000000 1.630000 0.000000
1.399999 0.000000 0.000000
-1.759999 0.000000 0.000000
0.160000 0.000000 0.000000
-0.250000 0.000000 0.000000
-0.530000 0.000000 0.000000
-0.500000 0.000000 0.000000
0.000000 0.010000 1.249999

1 0 6 1504 2 1 -1 2
5.000000 20.000040 1.210000 0.400001
0.000000 3.099999 3.599999
0.000000 0.000000 30.000076
0.000000 1.000000 -1.600000

-0.360000 -0.510000 0.000000
-0.280000 -0.409999 -0.100000
0.170000 0.050000 0.340000
0.000000 -1.599999 -0.160000
-0.460000 -0.790000 0.260000
0.000000 -0.160000 0.010000
0.000000 -0.440000 -0.030000
0.250000 0.000000 -0.615000
0.000000 0.815000 0.000000
0.939999 0.000000 0.000000
-1.759999 0.000000 0.000000
0.160000 0.000000 0.000000
-0.250000 0.000000 0.000000
-0.530000 0.000000 0.000000
-0.500000 0.000000 0.000000
0.000000 0.000000 1.329999

1 0 0 0 0 1 -1 -1
2.000000 0.000000 1.000000 0.400001
0.000000 0.000000 1.000000
0.000000 0.000000 6.099995
0.000000 1.000000 -1.600000

-0.380000 -0.510000 0.000000
-0.280000 -0.439999 -0.100000
0.170000 0.050000 0.340000
0.000000 -1.599999 -0.160000
-0.460000 -0.790000 0.260000
0.000000 -0.160000 0.010000
0.000000 -0.440000 -0.030000
0.250000 0.000000 -0.615000
0.000000 0.815000 0.000000
0.939999 0.000000 0.000000
-1.759999 0.000000 0.000000
0.160000 0.000000 0.000000
-0.250000 0.000000 0.000000
-0.530000 0.000000 0.000000
-0.500000 0.000000 0.000000
0.000000 0.000000 1.329999

0 0 6 1504 5 1 -1 2
5.000000 20.000040 1.210000 0.400001
0.000000 3.099999 3.599999
0.000000 0.000000 0.099998
0.000000 1.000000 -1.600000

-0.090000 0.510000 0.000000
-0.280000 0.600000 -0.100000
0.520000 -0.240000 0.000000
0.000000 -0.450000 -0.160000
-0.460000 -0.190000 -0.670000
0.000000 -0.160000 0.010000
0.000000 -0.440000 -0.030000
0.250000 0.000000 -0.615000
0.000000 0.815000 0.000000
1.219999 0.000000 0.000000
-1.759999 0.000000 0.000000
0.160000 0.000000 0.000000
-0.250000 0.000000 0.000000
-0.530000 0.000000 0.000000
-0.500000 0.000000 0.000000
0.000000 0.000000 1.329999

0 0 0 0 0 1 -1 -1
2.000000 0.000000 1.000000 0.400001
0.000000 0.000000 1.000000
0.000000 0.000000 0.099998
0.000000 1.000000 -1.600000

-0.040000 0.510000 0.000000
-0.280000 0.600000 -0.100000
0.520000 -0.240000 0.000000
0.000000 -0.450000 -0.160000
-0.460000 -0.190000 -0.670000
0.000000 -0.160000 0.010000
0.000000 -0.440000 -0.030000
0.250000 0.000000 -0.615000
0.000000 0.815000 0.000000
1.219999 0.000000 0.000000
-1.759999 0.000000 0.000000
0.160000 0.000000 0.000000
-0.250000 0.000000 0.000000
-0.530000 0.000000 0.000000
-0.500000 0.000000 0.000000
0.000000 0.000000 1.329999

1 0 0 0 0 1 -1 -1
5.000000 0.000000 1.000000 0.400001
0.000000 0.000000 1.000000
0.000000 0.000000 4.599996
0.000000 1.000000 -1.600000

0.000000 0.000000 0.000000
0.130000 0.000000 0.000000
0.520000 -0.240000 0.000000
0.000000 -1.289999 -0.949999
-0.590000 -0.190000 -0.670000
-0.390000 0.000000 0.000000
0.000000 1.289999 0.959999
0.590000 0.000000 0.005000
0.000000 1.105000 0.000000
0.760000 0.420000 0.000000
-1.150000 0.000000 0.000000
-0.350000 0.000000 0.000000
0.570000 0.000000 0.000000
-0.530000 0.000000 0.000000
-0.500000 0.000000 0.000000
-0.690000 1.119999 1.509999

1 0 0 0 0 1 -1 -1
3.000000 0.000000 1.000000 0.400001
0.000000 0.000000 1.000000
0.000000 0.000000 4.599996
0.000000 1.000000 -1.600000

0.030000 0.000000 0.000000
0.180000 0.000000 0.000000
0.520000 -0.240000 0.000000
0.000000 -1.289999 -0.979999
-0.590000 -0.190000 -0.670000
-0.390000 0.000000 0.000000
0.000000 1.289999 0.989999
0.590000 0.000000 0.005000
0.000000 1.105000 0.000000
0.760000 0.420000 0.000000
-1.150000 0.000000 0.000000
-0.350000 0.000000 0.000000
0.570000 0.000000 0.000000
-0.530000 0.000000 0.000000
-0.500000 0.000000 0.000000
-0.690000 1.119999 1.509999

0 0 6 1504 6 1 -1 2
5.000000 20.000040 2.159999 0.400001
0.000000 4.599998 23.800055
0.000000 0.100000 0.099998
0.000000 1.000000 -1.600000

-0.610000 0.000000 0.000000
-1.159999 0.000000 0.000000
0.520000 -0.240000 0.000000
0.000000 -1.289999 -0.140000
-0.590000 -0.190000 -0.670000
-0.390000 0.000000 0.000000
0.000000 1.569999 0.150000
0.590000 0.000000 0.005000
0.000000 1.105000 0.000000
1.329999 0.420000 0.000000
-1.150000 0.000000 0.000000
-0.350000 0.000000 0.000000
1.219999 -0.480000 0.000000
-0.530000 0.000000 0.000000
-0.500000 0.000000 0.000000
-0.690000 1.119999 1.099999

0 0 0 0 0 1 -1 -1
8.000000 0.000000 1.000000 0.400001
0.000000 0.000000 1.000000
0.000000 0.000000 0.099998
0.000000 1.000000 -1.600000

-2.309999 0.000000 0.000000
-1.159999 0.000000 0.000000
0.520000 -0.240000 0.000000
0.000000 -1.289999 -0.140000
-0.590000 -0.190000 -0.670000
-0.390000 0.000000 0.000000
0.000000 1.569999 0.150000
0.590000 0.000000 0.005000
0.000000 1.105000 0.000000
1.329999 0.420000 0.000000
-1.150000 0.000000 0.000000
-0.020000 0.000000 0.000000
1.219999 -0.480000 0.000000
-0.530000 0.000000 0.000000
-0.240000 0.000000 0.000000
-0.690000 1.119999 1.099999

0 0 0 0 0 0 -1 -1
30.000000 0.000000 1.000000 0.400001
0.000000 0.000000 1.000000
0.000000 0.000000 0.099998
0.000000 1.000000 -1.600000

1.353189 0.000000 0.000000
-0.580000 0.000000 0.000000
0.260000 -0.120000 0.000000
0.000000 -0.645000 -0.070000
-0.295000 -0.095000 -0.335000
-0.195000 0.000000 0.000000
0.000000 0.784999 0.075000
0.295000 0.000000 0.002500
0.000000 0.552500 0.000000
0.664999 0.210000 0.000000
-0.575000 0.000000 0.000000
-0.010000 0.000000 0.000000
0.609999 -0.240000 0.000000
-0.265000 0.000000 0.000000
-0.120000 0.000000 0.000000
-0.690000 1.119999 1.099999


6 0 0 -1 0 0 20
0.000000 0.000000 0.000000

5 0 0 0 0 0 -1 -1
5.000000 0.000000 1.000000 1.000000
0.000000 0.000000 1.000000
0.000000 0.000000 1.600000
0.000000 -15.000021 -1.500000

-0.860000 -0.410000 0.010000
-0.270000 -0.560000 0.000000
0.629999 0.300000 0.000000
-1.949998 -1.319999 -0.540000
-0.430000 -0.140000 -0.090000
-1.099999 0.190000 -0.030000
0.030000 0.400000 -0.110000
0.000000 0.320000 -0.210000
0.000000 0.969999 0.030000
1.929999 -0.040000 -0.100000
-1.969999 0.000000 0.000000
0.530000 0.000000 0.060000
0.210000 -0.060000 0.190000
-0.660000 0.030000 -0.060000
0.040000 0.000000 -0.060000
-1.069999 0.000000 2.269998

2 0 6 1504 444 0 -1 501
5.000000 20.000040 2.859998 0.100001
0.000000 5.599997 18.000032
0.000000 3.599999 -10.000002
0.000000 -2.700000 -1.500000

0.129999 0.410000 0.010000
-0.420000 0.510000 0.000000
0.160000 -0.410000 0.000000
-0.799999 0.070000 0.220000
-0.430000 -0.140000 -0.090000
-1.099999 0.190000 -0.030000
0.030000 0.400000 -0.110000
0.000000 0.320000 -0.210000
0.000000 0.969999 0.030000
0.530000 -0.040000 -0.100000
-0.380001 0.000000 0.000000
-0.500000 0.000000 0.060000
0.320000 -0.060000 0.190000
-1.090000 0.030000 -0.060000
0.040000 0.000000 -0.060000
-1.069999 0.000000 2.269998

0 0 0 0 0 0 -1 -1
15.000000 0.000000 1.000000 0.100001
0.000000 0.000000 1.000000
0.000000 -1.100000 -0.000000
0.000000 -2.700000 -1.500000

0.179999 0.410000 0.010000
-0.420000 0.560000 0.000000
0.160000 -0.410000 0.000000
-0.799999 0.070000 0.220000
-0.430000 -0.140000 -0.090000
-1.099999 0.190000 -0.030000
0.030000 0.400000 -0.110000
0.000000 0.320000 -0.210000
0.000000 0.969999 0.030000
0.530000 -0.040000 -0.100000
-0.380001 0.000000 0.000000
-0.500000 0.000000 0.060000
0.320000 -0.060000 0.190000
-1.090000 0.030000 -0.060000
0.040000 0.000000 -0.060000
-1.069999 0.000000 2.269998

0 0 0 0 0 0 -1 -1
5.000000 0.000000 1.000000 0.150001
0.000000 0.000000 1.000000
0.000000 7.099996 -10.000002
0.000000 -2.700000 -1.500000

3.139997 0.205000 0.005000
-0.210000 0.280000 0.000000
0.080000 -0.205000 0.000000
-0.400000 0.035000 0.110000
-0.215000 -0.070000 -0.045000
-0.549999 0.095000 -0.015000
0.015000 0.200000 -0.055000
0.000000 0.160000 -0.105000
0.000000 0.485000 0.015000
0.265000 -0.020000 -0.050000
-0.190000 0.000000 0.000000
-0.250000 0.000000 0.030000
0.160000 -0.030000 0.095000
-0.545000 0.015000 -0.030000
0.020000 0.000000 -0.030000
-0.534999 0.000000 1.134999

0 0 0 0 0 0 -1 -1
5.000000 0.000000 1.000000 0.150001
0.000000 0.000000 1.000000
0.000000 -0.600000 -0.500000
0.000000 -2.700000 -1.500000

-0.303191 0.205000 0.005000
0.100000 0.280000 0.000000
0.080000 -0.205000 0.000000
-0.400000 0.035000 0.110000
-0.215000 -0.070000 -0.045000
-0.549999 0.095000 -0.015000
0.015000 0.200000 -0.055000
0.000000 0.160000 -0.105000
0.000000 0.485000 0.015000
0.835000 -0.020000 -0.160000
-0.810000 0.000000 0.000000
-0.250000 0.000000 0.030000
0.660000 -0.400000 0.095000
-0.545000 0.305000 -0.030000
0.020000 0.000000 -0.030000
-0.534999 0.000000 1.134999

0 0 0 0 0 0 -1 -1
35.000000 0.000000 1.000000 0.150001
0.000000 0.000000 1.000000
0.000000 -0.600000 -0.500000
0.000000 -2.700000 -1.500000

-0.453191 0.205000 0.005000
0.100000 0.280000 0.000000
0.050000 -0.205000 0.000000
-0.400000 0.505000 0.110000
-0.215000 -0.490000 -0.205000
-0.549999 -0.405000 -0.015000
0.015000 0.470000 -0.055000
0.000000 0.160000 -0.105000
0.000000 0.485000 0.015000
0.835000 -0.020000 -0.160000
-0.810000 0.000000 0.000000
-0.250000 0.000000 0.030000
0.660000 -0.400000 0.095000
-0.545000 0.305000 -0.030000
0.020000 0.000000 -0.030000
-0.534999 0.000000 1.134999


3 0 0 0 0 0 3
0.000000 0.000000 0.000000

0 0 0 0 0 0 -1 -1
5.000000 0.000000 1.000000 0.150001
0.000000 0.000000 1.000000
0.000000 -0.600000 -0.500000
0.000000 -17.700031 -1.500000

-0.693191 0.205000 0.005000
-0.610000 0.280000 0.000000
-0.260000 -0.205000 0.000000
-0.400000 0.505000 0.110000
-0.215000 -0.490000 -0.205000
-0.549999 -0.405000 -0.015000
0.015000 0.899999 -0.055000
0.000000 0.160000 -0.105000
0.000000 0.485000 0.185000
1.474999 -0.020000 -0.160000
-2.079999 0.000000 0.000000
0.380000 0.000000 0.030000
0.880000 -1.089999 0.005000
-1.594999 0.305000 -0.030000
0.180000 0.000000 -0.030000
-0.534999 0.000000 1.134999

1 0 0 0 0 0 -1 -1
35.000000 0.000000 1.000000 0.450001
0.000000 0.000000 1.000000
0.000000 0.000000 -12.000010
0.000000 -21.100044 -1.500000

-0.793191 0.205000 0.005000
-0.610000 0.280000 0.000000
-0.260000 -0.205000 0.000000
-0.400000 0.505000 0.110000
-0.215000 -0.490000 -0.205000
-0.549999 -0.405000 -0.015000
0.015000 0.899999 -0.055000
0.000000 0.160000 -0.105000
0.000000 0.485000 0.185000
1.664999 -0.020000 -0.160000
-2.309999 0.000000 0.000000
0.380000 0.000000 0.030000
1.029999 -0.890000 0.005000
-1.704999 0.305000 -0.030000
0.180000 0.000000 -0.030000
-0.534999 0.000000 1.134999

0 0 0 0 0 0 -1 -1
10.000000 0.000000 1.000000 1.000000
0.000000 0.000000 1.000000
0.000000 -0.600000 -0.500000
0.000000 -21.100044 -1.500000

-0.793191 0.205000 0.005000
-0.610000 0.280000 0.000000
0.740000 -0.205000 0.000000
-0.400000 0.505000 0.110000
-0.215000 -0.490000 -0.205000
-0.549999 -0.405000 -0.015000
0.015000 0.899999 -0.055000
0.000000 0.160000 -0.105000
0.000000 0.485000 0.185000
1.664999 -0.020000 -0.160000
-2.309999 0.000000 0.000000
0.380000 0.000000 0.030000
1.029999 -0.890000 0.005000
-1.704999 0.305000 -0.030000
0.180000 0.000000 -0.030000
-0.534999 0.000000 1.134999


3 10 30 0 12 -1 3
0.000000 0.000000 0.000000

0 0 0 0 10 1 -1 -1
5.000000 5.000000 1.000000 1.000000
0.000000 0.000000 1.000000
0.000000 0.000000 0.000000
0.000000 -17.400030 0.000000

-0.520000 0.000000 0.000000
-0.150000 0.000000 0.000000
0.460000 0.000000 0.000000
-0.959999 0.300000 0.710000
0.000000 -0.250000 0.000000
0.000000 -0.460000 0.000000
-0.959999 1.439999 -0.710000
0.000000 0.250000 0.530000
0.000000 0.460000 0.989999
0.490000 0.110000 -0.260000
-1.749999 0.000000 0.000000
0.770000 0.000000 0.000000
1.459998 -0.110000 0.120000
-1.969999 0.000000 0.000000
0.439999 0.000000 0.000000
0.000000 0.000000 0.000000

1 0 6 1504 1 0 -1 2
5.000000 20.000040 1.060000 0.200001
0.000000 0.000000 3.099999
0.000000 0.000000 21.500044
0.000000 -18.700035 -1.600000

-0.560000 0.160000 0.000000
-0.190000 -0.859999 -0.100000
0.590000 0.730000 0.100000
0.000000 -0.699999 -0.320000
0.000000 -0.040000 0.090000
-0.330000 0.000000 -0.060000
0.000000 0.400000 0.000000
0.000000 0.340000 0.000000
0.000000 0.360000 0.000000
1.619999 0.000000 0.000000
-2.249999 0.000000 0.000000
0.700000 0.000000 0.000000
-0.250000 0.000000 0.000000
-0.530000 0.000000 0.000000
-0.500000 0.000000 0.000000
0.000000 0.020000 1.259999

0 0 0 0 0 0 -1 -1
35.000000 0.000000 1.000000 0.500001
0.000000 0.000000 1.000000
0.000000 0.000000 36.000023
0.000000 -18.700035 -1.600000

-0.590000 0.160000 0.000000
-0.210000 -0.879999 -0.100000
0.590000 0.730000 0.100000
0.000000 -0.699999 -0.350000
0.000000 -0.040000 0.090000
-0.330000 0.000000 -0.060000
0.000000 0.400000 0.000000
0.000000 0.340000 0.000000
0.000000 0.360000 0.000000
1.619999 0.000000 0.000000
-2.249999 0.000000 0.000000
0.700000 0.000000 0.000000
-0.250000 0.000000 0.000000
-0.530000 0.000000 0.000000
-0.500000 0.000000 0.000000
0.000000 0.020000 1.259999


7 0 0 0 0 0 3
0.000000 0.000000 0.000000

0 0 0 0 0 0 -1 -1
5.000000 0.000000 1.000000 1.000000
0.000000 0.000000 1.000000
0.000000 0.000000 0.000000
0.000000 -2.600000 -1.500000

-0.280001 -1.109999 0.010000
0.060000 -0.570000 0.000000
0.399999 1.569999 0.000000
-1.779998 0.110000 -1.479999
-0.260000 -0.140000 -0.650000
-0.810000 0.190000 -0.630000
0.030000 0.400000 -0.110000
0.000000 0.320000 -0.210000
0.000000 0.969999 0.030000
0.400000 0.420000 -0.300000
-0.530000 0.000000 0.000000
-0.390000 0.000000 0.060000
1.339999 0.000000 -0.010000
-2.059999 0.000000 0.000000
-0.320000 0.000000 -0.060000
-1.139999 0.000000 1.989999

5 0 6 1504 2 0 -1 2
5.000000 20.000040 1.260000 1.000000
0.000000 0.000000 4.099998
5.099998 0.000000 2.600000
0.000000 -2.600000 -1.500000

-0.280001 0.410000 0.010000
0.060000 0.310000 0.000000
0.030000 -0.810000 -0.140000
-1.319999 1.559999 -1.479999
0.160000 -0.140000 -0.200000
-0.350000 0.190000 -0.150000
0.030000 0.400000 -0.110000
0.000000 0.320000 -0.210000
0.000000 0.969999 0.030000
0.400000 0.420000 -0.300000
-0.530000 0.000000 0.000000
-0.390000 0.000000 0.060000
1.339999 0.000000 -0.010000
-2.059999 0.000000 0.000000
-0.320000 0.000000 -0.060000
-1.139999 0.000000 1.989999

0 0 0 0 0 0 -1 -1
3.000000 0.000000 1.000000 1.000000
0.000000 0.000000 1.000000
0.000000 0.000000 0.000000
0.000000 -2.600000 -1.500000

-0.280001 0.460000 0.010000
0.060000 0.330000 0.000000
0.030000 -0.810000 -0.140000
-1.319999 1.559999 -1.479999
0.160000 -0.140000 0.060000
-0.350000 0.190000 0.160000
0.030000 0.400000 -0.110000
0.000000 0.320000 -0.210000
0.000000 0.969999 0.030000
0.400000 0.420000 -0.300000
-0.530000 0.000000 0.000000
-0.390000 0.000000 0.060000
1.339999 -0.620000 -0.010000
-0.970000 0.000000 0.000000
-0.320000 0.000000 -0.060000
-0.370000 -0.440000 1.989999

5 0 6 1504 2 0 -1 2
5.000000 20.000040 1.260000 1.000000
0.000000 0.000000 4.099998
-5.099998 0.000000 2.600000
0.000000 -11.900009 -1.500000

-0.280001 -0.200000 0.010000
0.060000 -0.400000 0.000000
0.000000 0.000000 0.000000
-1.399999 -0.100000 -1.479999
0.160000 -0.510000 -0.400000
-0.350000 -0.150000 -0.270000
0.030000 0.400000 -0.110000
0.000000 0.320000 -0.210000
0.000000 0.969999 0.030000
0.020000 0.010000 -0.520000
-1.020000 0.000000 0.000000
-0.390000 0.000000 0.060000
1.339999 0.070000 0.210000
-1.739999 0.230000 0.000000
-0.320000 0.000000 -0.060000
-1.969998 0.230000 1.759999

0 0 0 0 0 0 -1 -1
20.000000 0.000000 1.000000 1.000000
0.000000 0.000000 1.000000
0.000000 0.000000 0.000000
0.000000 -20.400042 -1.500000

-0.700001 -0.250000 0.010000
0.060000 -0.450000 0.000000
0.000000 0.000000 0.000000
-1.709998 0.330000 -1.479999
0.000000 -0.510000 -0.740000
-0.220000 -0.150000 -0.270000
0.030000 0.400000 -0.110000
0.000000 0.320000 -0.210000
0.000000 0.969999 0.030000
0.700000 0.010000 -0.520000
-1.519999 0.000000 0.000000
0.520000 0.000000 0.060000
1.659999 0.070000 0.210000
-2.299998 0.230000 0.000000
0.270000 0.000000 -0.060000
-0.120000 -0.430000 1.090000

5 0 6 1504 444 0 0 2
5.000000 20.000040 3.159998 1.000000
0.000000 6.599996 20.000040
3.599999 0.000000 5.099998
0.000000 -17.500031 -1.500000

-0.650001 0.260000 0.010000
-0.140000 0.060000 0.000000
-0.200000 0.000000 0.000000
-1.709998 1.319999 -0.939999
2.319999 0.150000 -0.120000
0.200000 -0.130000 -0.160000
0.330000 0.400000 -0.110000
0.000000 0.790000 -0.210000
0.000000 0.589999 0.030000
1.879999 0.100000 -0.070000
-1.929999 -0.200000 0.000000
0.520000 0.000000 0.060000
0.020000 0.010000 0.210000
-0.820000 -0.010000 0.000000
0.270000 0.000000 -0.060000
-0.120000 0.250000 1.090000

0 0 0 0 0 0 -1 -1
35.000000 0.000000 1.000000 1.000000
0.000000 0.000000 1.000000
0.000000 0.000000 0.000000
0.000000 -12.400011 -1.500000

-0.650001 0.260000 0.010000
0.060000 0.060000 0.000000
0.500000 0.000000 0.000000
-1.429999 1.319999 -1.479999
1.389999 0.150000 0.450000
0.200000 -0.130000 0.040000
0.330000 0.400000 -0.110000
0.000000 0.790000 -0.210000
0.000000 0.589999 0.030000
1.659999 0.100000 -0.070000
-1.659999 -0.200000 0.000000
0.520000 0.000000 0.060000
0.720000 -0.330000 0.190000
-1.279999 -0.010000 -0.220000
0.790000 0.000000 -0.060000
-0.120000 0.250000 1.090000


3 0 0 -1 0 0 23
0.000000 0.000000 0.000000

10 0 0 0 0 0 -1 -1
10.000000 0.000000 1.000000 0.500001
0.000000 0.000000 1.000000
0.000000 0.600000 -1.500002
0.000000 0.000000 0.000000

-2.159998 0.160000 0.000000
-0.280000 0.790000 -0.320000
1.459999 -0.750000 0.000000
0.000000 -0.759999 0.820000
-0.460000 0.000000 0.260000
0.000000 -0.690000 -0.640000
0.000000 -0.060000 -0.030000
0.250000 0.000000 -0.615000
0.000000 0.815000 0.000000
1.479999 0.270000 -0.270000
-2.189999 0.000000 0.000000
0.560000 0.000000 0.000000
1.539999 -0.210000 0.000000
-2.329998 0.000000 0.000000
0.699999 0.000000 0.000000
0.000000 0.000000 -0.290000

1 0 4 1504 5 0 -1 2
3.000000 20.000040 1.060000 0.400001
0.000000 0.000000 2.600000
0.000000 -23.500053 30.000076
0.000000 0.000000 0.000000

-2.509998 0.050000 0.000000
0.360000 0.000001 -0.110000
1.139999 0.000000 0.000000
0.000000 -1.649999 -1.329999
-0.115000 0.000000 0.065000
0.000000 -0.172500 -0.160000
0.000000 -0.060000 -0.590000
0.250000 0.000000 -0.185000
0.000000 0.407500 0.000000
2.289998 0.160000 0.000000
-2.069999 0.320000 0.000000
-0.380000 0.000000 0.000000
0.260000 -0.210000 0.000000
-0.590000 0.000000 0.000000
-0.380000 0.000000 0.000000
0.000000 0.000000 1.389999

61 0 70 1504 5 0 -1 -1
60.000000 20.000040 1.060000 0.200001
0.000000 0.000000 1.000000
0.000000 -0.100000 0.099999
0.000000 0.000000 0.000000

-2.349998 0.050000 0.000000
0.360000 0.000001 -0.110000
1.139999 0.000000 0.000000
0.000000 -1.649999 -1.329999
-0.115000 0.000000 0.065000
0.000000 -0.172500 -0.160000
0.000000 -0.060000 -0.590000
0.250000 0.000000 -0.185000
0.000000 0.407500 0.000000
2.089998 0.000000 0.000000
-2.159999 0.000000 0.000000
0.670000 0.000000 0.000000
0.130000 -0.210000 0.000000
-0.500000 0.000000 0.000000
-0.380000 0.000000 0.000000
0.000000 0.000000 1.389999


3 3 30 0 12 0 3
0.000000 0.000000 3.000000

0 0 0 0 0 0 -1 -1
5.000000 0.000000 1.000000 0.500001
0.000000 0.000000 1.000000
0.000000 0.000000 0.099999
0.000000 -6.599996 0.000000

-1.939998 0.050000 0.000000
-0.080000 0.000001 -0.110000
1.019999 0.000000 0.000000
0.000000 -0.340000 0.809999
-0.115000 0.000000 0.045000
0.000000 -0.172500 -0.620000
0.000000 1.549999 0.270000
0.250000 0.300000 -0.185000
0.000000 1.077499 0.000000
2.379998 0.270000 0.000000
-1.090000 0.000000 0.000000
0.670000 0.000000 0.000000
1.869999 -0.210000 0.000000
-0.970000 0.000000 0.000000
0.080000 0.000000 0.000000
0.000000 0.000000 1.389999

0 0 0 0 0 0 -1 -1
10.000000 0.000000 1.000000 0.500001
0.000000 0.000000 1.000000
0.000000 0.000000 0.099999
0.000000 -6.599996 0.000000

-1.989998 0.050000 0.000000
-0.130000 0.000001 -0.110000
1.019999 0.000000 0.000000
0.000000 -0.340000 0.809999
-0.115000 0.000000 0.045000
0.000000 -0.172500 -0.620000
0.000000 1.549999 0.270000
0.250000 0.300000 -0.185000
0.000000 1.077499 0.000000
2.379998 0.270000 0.000000
-1.090000 0.000000 0.000000
0.670000 0.000000 0.000000
1.869999 -0.210000 0.000000
-0.970000 0.000000 0.000000
0.080000 0.000000 0.000000
0.000000 0.000000 1.389999

21 0 0 0 0 0 -1 -1
12.000000 0.000000 1.000000 1.510000
0.000000 0.000000 1.000000
0.000000 0.000000 0.099999
0.000000 0.000000 0.000000

-1.039999 0.050000 0.000000
-0.080000 0.000001 -0.110000
0.769999 0.000000 0.000000
0.000000 -0.340000 0.909999
-0.115000 0.000000 0.045000
0.000000 -0.172500 -0.620000
0.000000 0.720000 0.270000
0.250000 0.000000 -0.185000
0.000000 0.407500 0.000000
1.679998 0.030000 0.000000
-0.880000 0.000000 0.000000
0.020000 0.000000 0.000000
1.229999 -0.210000 0.000000
-1.159999 0.000000 0.000000
0.170000 0.000000 0.000000
0.000000 0.000000 1.389999


7 0 0 0 0 0 3
0.000000 0.000000 0.000000

0 0 0 0 0 1 -1 -1
5.000000 0.000000 1.000000 1.000000
0.000000 0.000000 1.000000
0.000000 0.000000 0.000000
0.000000 -0.900000 -1.500000

-0.860000 -0.900000 0.010000
-0.100000 -0.280000 0.000000
0.939999 0.000000 0.000000
-1.949998 -1.109999 -0.540000
-0.430000 -0.140000 -0.600000
-1.099999 0.190000 -0.030000
0.030000 0.400000 -0.110000
0.000000 0.320000 -0.210000
0.000000 0.969999 0.030000
0.350000 1.179999 0.310000
-1.020000 -0.200000 0.000000
-0.260000 0.000000 0.060000
1.160000 -0.060000 0.190000
-0.720000 0.250000 -0.060000
0.160000 0.000000 -0.060000
0.000000 0.450000 1.819999

5 0 6 1504 444 0 0 501
5.000000 20.000040 2.959998 0.200001
0.000000 5.599997 14.000017
0.000000 1.500000 -5.099998
0.000000 -0.900000 -1.500000

-0.860000 0.409999 0.010000
0.430000 0.360000 0.000000
0.340000 0.000000 0.000000
-0.849999 0.260000 -0.540000
-0.430000 0.240000 0.090000
-1.099999 0.010000 -0.030000
0.030000 0.400000 -0.110000
0.000000 0.320000 -0.210000
0.000000 0.969999 0.030000
0.520000 0.200000 -0.190000
-1.020000 0.050000 0.000000
-0.260000 0.000000 0.060000
1.160000 -0.180000 0.190000
-0.380000 0.250000 -0.060000
-0.280000 0.000000 -0.060000
0.000000 0.450000 1.819999

0 0 0 0 0 0 -1 -1
25.000000 0.000000 1.000000 0.200001
0.000000 0.000000 1.000000
0.000000 0.000000 0.000000
0.000000 -0.900000 -1.500000

1.579998 0.109999 0.010000
-0.410000 0.060000 0.000000
-0.800000 0.000000 0.000000
-0.584999 -0.210000 -0.270000
-0.215000 -0.799999 0.045000
-0.549999 -0.165000 -0.015000
0.015000 0.510000 -0.435000
0.000000 1.119999 -0.455000
0.000000 0.774999 0.015000
2.479998 0.000000 0.040000
-2.489998 0.025000 0.000000
0.290000 0.000000 0.030000
2.479998 0.010000 -0.035000
-2.489998 0.125000 -0.030000
0.270000 0.000000 -0.030000
0.000000 0.225000 0.909999

0 0 0 0 0 0 -1 -1
11.000000 0.000000 1.000000 0.200001
0.000000 0.000000 1.000000
0.000000 0.000000 0.000000
0.000000 -0.900000 -1.500000

-3.133189 0.109999 0.010000
-0.410000 0.060000 0.000000
-0.800000 0.000000 0.000000
-0.425000 -0.570000 -0.270000
-0.215000 -1.449999 0.045000
-0.549999 -0.165000 -0.015000
0.015000 0.510000 -0.435000
0.000000 1.119999 -0.455000
0.000000 0.774999 0.015000
2.479998 0.000000 0.040000
-2.489998 0.025000 0.000000
0.290000 0.000000 0.030000
2.479998 0.010000 -0.035000
-2.489998 0.125000 -0.030000
0.270000 0.000000 -0.030000
0.000000 0.225000 0.909999

0 0 0 0 0 0 -1 -1
11.000000 0.000000 1.000000 0.400001
0.000000 0.000000 1.000000
0.000000 0.000000 0.000000
0.000000 -0.900000 -1.500000

-1.573190 0.109999 0.010000
-0.205000 0.030000 0.000000
-0.400000 0.000000 0.000000
-0.212500 -0.285000 -0.135000
-0.107500 -0.724999 0.022500
-0.275000 -0.082500 -0.007500
0.007500 0.255000 -0.217500
0.000000 0.560000 -0.227500
0.000000 0.387500 0.007500
1.239999 0.000000 0.020000
-1.244999 0.012500 0.000000
0.145000 0.000000 0.015000
1.239999 0.005000 -0.017500
-1.244999 0.062500 -0.015000
0.135000 0.000000 -0.015000
0.000000 0.112500 0.455000

0 0 0 0 0 0 -1 -1
16.000000 0.000000 1.000000 0.600000
0.000000 0.000000 1.000000
0.000000 0.000000 0.000000
0.000000 -0.900000 -1.500000

0.116809 0.109999 0.010000
-0.292500 0.015000 0.000000
-0.200000 0.000000 0.000000
-0.106250 0.577500 -0.067500
-0.063750 -0.602499 0.011250
-0.727499 -0.241250 -0.003750
0.003750 -0.102500 -0.328750
0.000000 0.420000 -0.213750
0.000000 0.433750 -0.146250
-0.450000 0.140000 -0.260000
-0.622500 0.196250 0.000000
0.072500 0.000000 0.007500
0.360000 -0.107500 0.021250
-1.852498 0.151250 -0.007500
0.307500 0.000000 -0.007500
0.000000 0.056250 0.227500

0 0 0 0 0 0 -1 -1
36.000000 0.000000 1.000000 0.600000
0.000000 0.000000 1.000000
0.000000 0.000000 0.000000
0.000000 -0.900000 -1.500000

0.266809 0.109999 0.010000
-0.292500 0.015000 0.000000
-0.200000 0.000000 0.000000
-0.106250 0.577500 -0.067500
-0.063750 -0.602499 0.011250
-0.727499 -0.241250 -0.003750
0.003750 -0.102500 -0.328750
0.000000 0.420000 -0.213750
0.000000 0.433750 -0.146250
-0.450000 0.140000 -0.260000
-0.622500 0.196250 0.000000
0.072500 0.000000 0.007500
0.360000 -0.107500 0.021250
-1.852498 0.151250 -0.007500
0.307500 0.000000 -0.007500
0.000000 0.056250 0.227500


9 0 0 -1 0 0 26
0.000000 0.000000 0.000000

1 0 0 0 0 1 -1 -1
1.000000 0.000000 1.000000 3.009999
0.000000 0.000000 1.000000
0.000000 10.000002 -0.000002
0.000000 1.000000 -1.600000

-0.280000 0.160000 0.000000
-0.280000 0.790000 -0.320000
0.340000 -0.750000 0.000000
0.000000 0.460000 0.300000
-0.460000 0.000000 0.260000
0.000000 -0.690000 -0.640000
0.000000 0.380000 -0.030000
0.500000 0.000000 -1.230000
0.000000 1.630000 0.000000
1.399999 0.000000 0.000000
-1.759999 0.000000 0.000000
0.160000 0.000000 0.000000
-0.250000 0.000000 0.000000
-0.530000 0.000000 0.000000
-0.500000 0.000000 0.000000
0.000000 1.979998 -1.169999

4 0 0 0 0 2 -1 -1
3.000000 0.000000 1.000000 1.000000
0.000000 0.000000 1.000000
0.000000 1.900000 2.999998
0.000000 1.000000 -1.600000

-0.255000 0.030000 0.000000
-0.844999 0.100001 -0.160000
-0.270000 0.000000 0.000000
0.000000 0.230000 0.385000
-0.230000 0.000000 0.110000
0.000000 -0.345000 -0.055000
0.000000 0.190000 -0.015000
0.250000 0.000000 -0.615000
0.000000 0.815000 0.000000
0.700000 0.000000 0.000000
-1.115000 0.000000 0.000000
0.080000 0.000000 0.000000
0.160000 0.000000 0.000000
-0.909999 0.000000 0.000000
-0.250000 0.000000 0.000000
0.000000 2.919997 -1.169999

6 0 0 0 0 2 -1 5
3.000000 0.000000 1.000000 1.000000
0.000000 0.000000 1.000000
0.000000 0.500000 2.999998
0.000000 1.000000 -1.600000

-0.510000 0.060000 0.000000
-1.689999 0.200001 -0.320000
-0.540000 0.000000 0.000000
0.000000 0.460000 0.770000
-0.460000 0.000000 0.220000
0.000000 -0.690000 -0.110000
0.000000 0.380000 -0.030000
0.500000 0.000000 -1.230000
0.000000 1.630000 0.000000
1.399999 0.000000 0.000000
-2.229999 0.000000 0.000000
0.160000 0.000000 0.000000
0.320000 0.000000 0.000000
-1.819999 0.000000 0.000000
-0.500000 0.000000 0.000000
0.000000 2.919997 -1.169999

6 0 0 0 0 2 -1 -1
3.000000 0.000000 1.000000 1.000000
0.000000 0.000000 1.000000
0.000000 0.500000 2.999997
0.000000 1.000000 -1.600000

-2.359999 0.060000 0.000000
-1.689999 0.200001 -0.320000
-0.540000 0.000000 0.000000
0.000000 0.460000 0.770000
-0.460000 0.000000 0.220000
0.000000 -0.690000 -0.110000
0.000000 0.380000 -0.030000
0.500000 0.000000 -1.230000
0.000000 1.630000 0.000000
1.399999 0.000000 0.000000
-2.229999 0.000000 0.000000
0.160000 0.000000 0.000000
0.320000 0.000000 0.000000
-1.819999 0.000000 0.000000
-0.500000 0.000000 0.000000
0.000000 2.919997 -1.169999

6 0 0 0 0 2 -1 -1
3.000000 0.000000 1.000000 1.000000
0.000000 0.000000 1.000000
0.000000 0.500000 2.999997
0.000000 1.000000 -1.600000

0.813190 0.060000 0.000000
0.320000 0.000000 0.000000
0.000000 0.000000 0.000000
0.000000 0.230000 0.385000
-0.230000 0.000000 0.110000
0.000000 -0.345000 -0.055000
0.000000 0.190000 -0.015000
0.250000 0.000000 -0.615000
0.000000 0.815000 0.000000
0.700000 0.000000 0.000000
-1.114999 0.000000 0.000000
0.080000 0.000000 0.000000
0.160000 0.000000 0.000000
-0.909999 0.000000 0.000000
-0.250000 0.000000 0.000000
0.000000 2.919997 -1.169999

0 0 0 0 0 2 -1 -1
8.000000 0.000000 1.000000 0.400001
0.000000 0.000000 1.000000
0.000000 4.099998 0.099998
0.000000 1.000000 -1.600000

-0.200000 0.330000 0.000000
0.410000 0.200000 0.080000
0.520000 -0.240000 0.000000
0.410000 -1.289999 -0.949999
-0.760000 -0.190000 -0.320000
0.000000 0.000000 -0.959999
-0.200000 1.469999 0.994999
0.590000 0.000000 0.005000
0.000000 1.105000 0.000000
1.299999 0.470000 -0.010000
-1.779999 0.000000 -0.220000
-0.350000 0.000000 0.000000
0.270000 0.000000 0.220000
-0.530000 0.000000 0.000000
-0.500000 0.000000 0.000000
-0.690000 1.119999 1.509999

0 0 5 1504 0 2 -1 -1
3.000000 20.000040 0.200001 0.400001
0.000000 -2.000000 -0.000000
0.000000 0.000000 4.599996
0.000000 -19.800039 -1.600000

-1.249999 0.190000 0.000000
0.040000 -0.210000 -0.100000
0.700000 -0.240000 0.000000
0.030000 -1.269999 0.310000
-0.760000 -0.190000 -0.320000
-0.480000 0.000000 -0.550000
-0.200000 1.409999 -0.335000
0.290000 0.790000 0.105000
0.000000 0.745000 0.000000
1.759999 0.470000 -0.010000
-2.019999 0.000000 -0.220000
0.400000 0.000000 0.000000
0.520000 0.000000 0.220000
-1.010000 0.000000 0.000000
-0.500000 0.000000 0.000000
-0.690000 1.129999 1.319999

1 0 6 1504 0 0 -1 -1
5.000000 20.000040 0.200001 0.400001
0.000000 -2.000000 -0.000000
0.000000 -40.099960 -0.000002
0.000000 -19.800039 -1.600000

-1.249999 0.190000 0.000000
0.040000 -0.210000 -0.100000
0.700000 -0.240000 0.000000
0.030000 -1.269999 0.310000
-0.760000 -0.190000 -0.320000
-0.480000 0.000000 -0.550000
-0.200000 1.409999 -0.335000
0.290000 0.790000 0.105000
0.000000 0.745000 0.000000
1.759999 0.470000 -0.010000
-2.019999 0.000000 -0.220000
0.400000 0.000000 0.000000
0.520000 0.000000 0.220000
-1.010000 0.000000 0.000000
-0.500000 0.000000 0.000000
-0.690000 1.129999 1.319999

1 0 100 1504 0 0 -1 -1
60.000000 20.000040 0.200001 0.400001
0.000000 -2.000000 0.000000
0.000000 0.000000 4.599996
0.000000 -19.800039 -1.600000

-1.249999 0.190000 0.000000
0.040000 -0.210000 -0.100000
0.700000 -0.240000 0.000000
0.030000 -1.269999 0.310000
-0.760000 -0.190000 -0.320000
-0.480000 0.000000 -0.550000
-0.200000 1.409999 -0.335000
0.290000 0.790000 0.105000
0.000000 0.745000 0.000000
1.759999 0.470000 -0.010000
-2.019999 0.000000 -0.220000
0.400000 0.000000 0.000000
0.520000 0.000000 0.220000
-1.010000 0.000000 0.000000
-0.500000 0.000000 0.000000
-0.690000 1.129999 1.319999


3 15 60 0 -1 -1 3
0.000000 0.000000 0.000000

0 0 3 1501 444 1 0 6
5.000000 80.099350 9.630126 0.400001
0.000000 7.599995 25.000059
0.000000 0.000000 4.599996
0.000000 -19.300037 -1.600000

-1.229999 0.000000 0.000000
-0.390000 -0.130000 0.080000
-0.170000 -0.240000 0.000000
0.030000 -1.269999 -0.210000
-0.760000 -0.190000 -0.320000
-0.480000 0.000000 -0.550000
-0.200000 1.149999 0.095000
0.290000 0.790000 0.105000
0.000000 0.745000 0.000000
2.079999 0.190000 -0.010000
-2.019999 0.000000 -0.220000
0.779999 0.000000 0.000000
1.339999 -0.200000 0.580000
-1.010000 0.000000 0.220000
0.230000 0.000000 -0.260000
-0.690000 1.129999 1.319999

0 0 0 0 0 1 -1 -1
5.000000 0.000000 1.000000 0.400001
0.000000 0.000000 1.000000
0.000000 0.000000 4.599996
0.000000 -19.300037 -1.600000

-1.229999 0.000000 0.000000
-0.390000 -0.130000 0.080000
-0.170000 -0.240000 0.000000
0.030000 -1.269999 -0.210000
-0.760000 -0.190000 -0.320000
-0.480000 0.000000 -0.550000
-0.200000 1.149999 0.095000
0.290000 0.790000 0.105000
0.000000 0.745000 0.000000
2.079999 0.190000 -0.010000
-2.019999 0.000000 -0.220000
0.779999 0.000000 0.000000
1.339999 -0.200000 0.580000
-1.010000 0.000000 0.220000
0.230000 0.000000 -0.260000
-0.690000 1.129999 1.319999

0 0 0 0 0 1 -1 -1
25.000000 0.000000 1.000000 0.400001
0.000000 0.000000 1.000000
0.000000 0.000000 4.599996
0.000000 -19.300037 -1.600000

-1.229999 0.000000 0.000000
-0.390000 -0.130000 0.080000
1.109999 -0.240000 0.000000
0.030000 -1.269999 -0.210000
-0.760000 -0.190000 -0.320000
-0.480000 0.000000 -0.550000
-0.200000 1.149999 0.095000
0.290000 0.790000 0.105000
0.000000 0.745000 0.000000
2.079999 0.190000 -0.010000
-2.019999 0.000000 -0.220000
0.779999 0.000000 0.000000
1.339999 -0.200000 0.580000
-1.010000 0.000000 0.220000
0.230000 0.000000 -0.260000
-0.690000 1.129999 1.319999


7 0 0 5 0 0 3
0.000000 0.000000 0.000000

0 0 0 0 0 1 -2 -1
40.000000 0.000000 1.000000 3.009999
0.000000 0.000000 1.000000
0.000000 0.000000 6.099995
0.000000 1.000000 -1.600000

-0.280000 0.160000 0.000000
-0.280000 0.790000 -0.320000
0.340000 -0.750000 0.000000
0.000000 0.460000 0.300000
-0.460000 0.000000 0.260000
0.000000 -0.690000 -0.640000
0.000000 0.380000 -0.030000
0.500000 0.000000 -1.230000
0.000000 1.630000 0.000000
1.399999 0.000000 0.000000
-1.759999 0.000000 0.000000
0.160000 0.000000 0.000000
-0.250000 0.000000 0.000000
-0.530000 0.000000 0.000000
-0.500000 0.000000 0.000000
0.000000 0.010000 1.249999

3 0 0 0 0 1 -1 -1
3.000000 0.000000 1.000000 1.000001
0.000000 0.000000 1.000000
0.000000 0.000000 20.500040
0.000000 1.000000 -1.600000

-0.280000 0.160000 0.000000
-0.280000 0.790000 -0.320000
0.340000 -0.750000 0.000000
0.000000 0.460000 0.300000
-0.460000 0.000000 0.260000
0.000000 -0.690000 -0.640000
0.000000 0.380000 -0.030000
0.500000 0.000000 -1.230000
0.000000 1.630000 0.000000
1.399999 0.000000 0.000000
-1.759999 0.000000 0.000000
0.160000 0.000000 0.000000
-0.250000 0.000000 0.000000
-0.530000 0.000000 0.000000
-0.500000 0.000000 0.000000
0.000000 0.010000 1.249999

0 0 6 1504 2 2 -1 2
5.000000 20.000040 2.009999 0.400001
0.000000 2.000000 3.599999
0.000000 0.000000 0.799998
0.000000 1.000000 -1.600000

-0.360000 -0.500000 0.000000
-0.280000 -0.409999 -0.100000
0.170000 0.420000 0.100000
0.000000 -1.599999 -0.160000
-0.460000 -0.790000 0.260000
0.000000 -0.160000 0.010000
0.000000 -0.440000 -0.030000
0.250000 0.000000 -0.615000
0.000000 0.815000 0.000000
0.939999 0.000000 0.000000
-1.759999 0.000000 0.000000
0.160000 0.000000 0.000000
-0.250000 0.000000 0.000000
-0.530000 0.000000 0.000000
-0.500000 0.000000 0.000000
0.000000 0.000000 1.329999

0 0 0 1504 2 2 -1 -1
3.000000 20.000040 1.000000 0.400001
0.000000 2.000000 3.599999
0.000000 0.000000 30.000076
0.000000 -17.900032 -1.600000

-0.959999 -0.500000 0.000000
0.360000 -0.409999 -0.100000
0.310000 0.250000 0.000000
0.000000 -1.299999 0.340000
-0.460000 -1.140000 0.260000
0.000000 -0.810000 0.010000
0.000000 -0.440000 -0.030000
0.250000 0.000000 -0.615000
0.000000 0.815000 0.000000
1.549998 -0.170000 -0.380000
-2.089999 0.000000 0.000000
0.690000 0.000000 0.000000
0.999999 0.010000 0.929999
-1.069999 -0.440000 0.310000
-0.500000 0.000000 0.000000
0.000000 0.000000 1.329999

5 0 6 1504 2 2 -1 2
5.000000 20.000040 2.009999 0.400001
0.000000 7.599995 0.000000
0.000000 12.500011 0.099998
0.000000 -1.300000 -1.600000

-0.470000 0.310000 0.000000
0.050000 0.290001 -0.100000
0.290000 -0.450000 0.000000
0.540000 0.250000 -0.030000
0.210000 -0.140001 -0.340000
0.320000 -0.350000 0.000000
0.000000 0.280000 -0.030000
0.250000 0.000000 -0.615000
0.000000 0.815000 0.000000
0.569999 0.250000 -0.380000
-0.990000 0.000000 0.000000
-0.260000 0.000000 0.000000
1.719999 0.200000 0.460000
-1.979999 0.220000 0.000000
0.200000 0.000000 0.000000
0.000000 -0.560000 1.479999

0 0 6 1504 2 1 2 -1
2.000000 20.000040 1.000000 0.400001
0.000000 2.000000 3.599999
0.000000 0.000000 30.000076
0.000000 -1.300000 -1.600000

-0.470000 0.210000 0.000000
0.050000 0.150001 -0.100000
0.290000 -0.450000 0.000000
0.000000 0.799999 -0.030000
-0.010000 -0.240001 -0.340000
0.000000 -0.810000 0.000000
0.000000 0.280000 -0.030000
0.250000 0.000000 -0.615000
0.000000 0.815000 0.000000
0.739999 0.250000 -0.380000
-0.990000 0.000000 0.000000
-0.260000 0.000000 0.000000
1.599999 0.200000 0.460000
-1.789999 0.220000 0.000000
0.200000 0.000000 0.000000
0.000000 -0.560000 1.479999

0 0 6 1504 2 1 -1 -1
1.000000 20.000040 1.000000 0.400001
0.000000 2.000000 3.599999
0.000000 0.000000 30.000076
0.000000 -1.300000 -1.600000

-0.470000 0.210000 0.000000
0.050000 0.150001 -0.100000
0.290000 -0.450000 0.000000
0.000000 0.799999 -0.030000
-0.010000 -0.240001 -0.340000
0.000000 -0.810000 0.000000
0.000000 0.280000 -0.030000
0.250000 0.000000 -0.615000
0.000000 0.815000 0.000000
0.739999 0.250000 -0.380000
-0.990000 0.000000 0.000000
-0.260000 0.000000 0.000000
1.599999 0.200000 0.460000
-1.789999 0.220000 0.000000
0.200000 0.000000 0.000000
0.000000 -0.560000 1.479999


11 0 0 0 0 0 3
0.000000 -40.000000 0.000000

0 0 0 0 0 1 -5 -1
30.000000 0.000000 1.000000 3.009998
0.000000 0.000000 1.000000
0.000000 0.000000 1.600000
0.000000 -15.000021 -1.500000

-0.860000 -0.410000 0.010000
-0.270000 -0.560000 0.000000
0.629999 0.300000 0.000000
-1.949998 -1.319999 -0.540000
-0.430000 -0.140000 -0.090000
-1.099999 0.190000 -0.030000
0.030000 0.400000 -0.110000
0.000000 0.320000 -0.210000
0.000000 0.969999 0.030000
1.929999 -0.040000 -0.100000
-1.969999 0.000000 0.000000
0.530000 0.000000 0.060000
0.210000 -0.060000 0.190000
-0.660000 0.030000 -0.060000
0.040000 0.000000 -0.060000
-1.069999 0.000000 2.269998

3 0 0 0 0 1 -1 -1
5.000000 0.000000 1.000000 1.000000
0.000000 0.000000 1.000000
0.000000 0.000000 21.500046
0.000000 -15.000021 -1.500000

-0.860000 -0.410000 0.010000
-0.270000 -0.560000 0.000000
0.629999 0.300000 0.000000
-1.949998 -1.319999 -0.540000
-0.430000 -0.140000 -0.090000
-1.099999 0.190000 -0.030000
0.030000 0.400000 -0.110000
0.000000 0.320000 -0.210000
0.000000 0.969999 0.030000
1.929999 -0.040000 -0.100000
-1.969999 0.000000 0.000000
0.530000 0.000000 0.060000
0.210000 -0.060000 0.190000
-0.660000 0.030000 -0.060000
0.040000 0.000000 -0.060000
-1.069999 0.000000 2.269998

1 0 6 1504 3 2 -1 2
5.000000 20.000040 1.160000 0.100001
0.000000 5.599997 5.099998
0.000000 8.599997 -0.000000
0.000000 -2.700000 -1.500000

0.129999 0.410000 0.010000
-0.420000 0.510000 0.000000
0.160000 -0.410000 0.000000
-0.799999 0.070000 0.220000
-0.430000 -0.140000 -0.090000
-1.099999 0.190000 -0.030000
0.030000 0.400000 -0.110000
0.000000 0.320000 -0.210000
0.000000 0.969999 0.030000
0.530000 -0.040000 -0.100000
-0.380001 0.000000 0.000000
-0.500000 0.000000 0.060000
0.320000 -0.060000 0.190000
-1.090000 0.030000 -0.060000
0.040000 0.000000 -0.060000
-1.069999 0.000000 2.269998

1 0 0 0 0 2 -1 -1
6.000000 0.000000 1.000000 0.150001
0.000000 0.000000 1.000000
0.000000 -4.099998 -6.599996
0.000000 -2.700000 -1.500000

3.139997 0.205000 0.005000
-0.210000 0.280000 0.000000
0.080000 -0.205000 0.000000
-0.400000 0.035000 0.110000
-0.005000 -0.070000 -0.045000
0.000001 0.095000 -0.015000
0.015000 0.200000 -0.055000
0.000000 0.160000 -0.105000
0.000000 0.485000 0.015000
1.524999 -0.020000 -0.050000
-2.229998 0.000000 0.000000
-0.250000 0.000000 0.030000
1.499999 -0.030000 0.095000
-1.844999 0.015000 -0.030000
0.020000 0.000000 -0.030000
-0.534999 0.000000 1.134999

3 0 0 0 0 2 -1 -1
8.000000 0.000000 1.000000 0.150001
0.000000 0.000000 1.000000
0.000000 0.500000 3.599999
0.000000 -2.700000 -1.500000

-0.583191 0.205000 0.005000
0.240000 0.280000 0.000000
0.270000 -0.205000 0.000000
-0.530000 -0.035000 0.690000
0.005000 -0.070000 -0.035000
0.040001 -0.185000 -0.135000
0.015000 0.670000 -0.055000
0.000000 0.160000 -0.105000
0.000000 0.485000 0.015000
1.395000 -0.020000 -0.160000
-1.919999 0.000000 0.000000
-0.250000 0.000000 0.030000
0.690000 -0.400000 0.095000
-1.774999 0.305000 -0.030000
-0.320000 0.000000 -0.030000
-0.534999 0.000000 1.194999

1 0 6 1504 3 2 -1 2
5.000000 20.000040 1.160000 0.150001
0.000000 10.500004 2.600000
0.000000 10.500004 -0.000000
0.000000 -2.700000 -1.500000

-0.273191 -0.205000 0.005000
0.380000 -0.470000 0.000000
0.270000 0.205000 0.000000
-0.150000 -1.624999 -0.430000
0.005000 -0.280000 0.015000
0.050001 -0.825000 0.025000
0.015000 -0.170000 -0.055000
0.000000 0.160000 -0.105000
0.000000 0.485000 0.015000
0.885000 -0.020000 -0.160000
-0.710000 0.000000 0.000000
-0.250000 0.000000 0.030000
0.690000 -0.400000 0.095000
-1.774999 0.305000 -0.030000
-0.320000 0.000000 -0.030000
0.445001 0.000000 1.134999

1 0 0 0 0 2 -1 -1
6.000000 0.000000 1.000000 0.150001
0.000000 0.000000 1.000000
0.000000 -6.099997 -2.600000
0.000000 -2.700000 -1.500000

2.806807 -0.102500 0.005000
0.190000 -0.235000 0.000000
0.135000 0.102500 0.000000
-0.075000 -0.812500 -0.215000
0.002500 -0.140000 0.007500
0.025000 -0.412500 0.012500
0.007500 -0.085000 -0.027500
0.000000 0.080000 -0.052500
0.000000 0.242500 0.007500
1.532499 -0.010000 -0.080000
-2.054998 0.000000 0.000000
-0.295000 0.000000 0.015000
1.804999 -0.200000 0.047500
-1.977499 0.152500 -0.015000
-0.160000 0.000000 -0.015000
0.222501 0.000000 0.567500

1 0 7 1504 3 2 -1 2
6.000000 20.000040 1.160000 0.150001
0.000000 5.099998 1.000000
0.000000 7.099996 5.099998
0.000000 -2.700000 -1.500000

-0.286381 0.257500 0.005000
-0.090000 0.205000 -0.010000
0.135000 -0.107500 0.000000
0.565000 0.077500 -0.984999
0.002500 0.180000 0.007500
0.025000 0.157500 0.012500
0.007500 1.044999 -0.027500
0.000000 0.400000 -0.052500
0.000000 0.242500 0.007500
0.982499 -0.010000 -0.220000
-1.234999 0.000000 0.000000
-0.125000 0.000000 0.015000
-0.255000 -0.030000 0.197500
-0.887500 0.152500 -0.015000
-0.160000 0.000000 -0.015000
0.222501 0.000000 1.157499

1 0 0 0 3 2 -1 -1
25.000000 0.000000 1.000000 0.150001
0.000000 0.000000 1.000000
0.000000 -0.600000 -0.500000
0.000000 -2.700000 -1.500000

0.006809 0.257500 0.005000
-0.150000 0.325000 -0.070000
0.135000 -0.107500 0.000000
0.565000 0.077500 -0.984999
0.002500 0.180000 0.007500
0.025000 0.157500 0.012500
0.007500 1.044999 -0.027500
0.000000 0.400000 -0.052500
0.000000 0.242500 0.007500
1.042499 -0.010000 -0.220000
-1.804999 0.000000 0.000000
-0.435000 0.000000 0.015000
-0.565000 -0.030000 0.197500
-0.257500 0.032500 -0.015000
-0.180000 0.000000 -0.015000
0.222501 0.000000 1.157499

1 0 6 1505 444 2 1 2
5.000000 20.000040 19.300346 0.150001
0.000000 -4.299998 13.500015
0.000000 -15.100021 0.100000
0.000000 -2.700000 -1.500000

-0.293191 -0.202500 0.005000
-0.300000 -0.475000 0.060000
0.285000 0.452500 0.110000
1.614999 -2.642498 -0.984999
0.002500 0.010000 0.157500
0.025000 0.157500 0.302500
0.007500 -0.275000 -0.027500
0.000000 0.630000 -0.052500
0.000000 0.772500 0.007500
1.042499 -0.010000 -0.220000
-0.275000 0.000000 0.000000
-0.435000 0.000000 0.015000
-0.005000 -0.030000 0.197500
-1.437499 0.032500 -0.015000
-0.180000 0.000000 -0.015000
-0.167500 0.000000 1.377499

0 0 0 0 0 2 -1 -1
60.000000 0.000000 1.000000 0.150001
0.000000 0.000000 1.000000
0.000000 -0.600000 -0.500000
0.000000 -2.700000 -1.500000

-0.343191 -0.252500 0.005000
-0.300000 -0.475000 0.060000
0.285000 0.452500 0.110000
1.614999 -2.642498 -0.984999
0.002500 0.010000 0.157500
0.025000 0.157500 0.302500
0.007500 -0.275000 -0.027500
0.000000 0.630000 -0.052500
0.000000 0.772500 0.007500
1.042499 -0.010000 -0.220000
-0.275000 0.000000 0.000000
-0.435000 0.000000 0.015000
-0.005000 -0.030000 0.197500
-1.437499 0.032500 -0.015000
-0.180000 0.000000 -0.015000
-0.167500 0.000000 1.377499


4 0 0 0 0 0 3
0.000000 0.000000 0.000000

0 0 0 0 0 1 -1 -1
30.000000 0.000000 1.000000 1.000000
0.000000 0.000000 1.000000
0.000000 0.000000 1.600000
0.000000 -1.800001 -1.500000

-0.860000 -0.410000 0.010000
-0.270000 -0.560000 0.000000
0.629999 0.300000 0.000000
-1.949998 -1.319999 -0.540000
-0.430000 -0.140000 -0.090000
-1.099999 0.190000 -0.030000
0.030000 0.400000 -0.110000
0.000000 0.320000 -0.210000
0.000000 0.969999 0.030000
1.709999 -0.040000 -0.100000
-1.230000 0.000000 0.000000
0.200000 0.000000 0.060000
0.510000 -0.060000 0.190000
-0.660000 0.030000 -0.060000
0.040000 0.000000 -0.060000
-1.069999 0.000000 2.269998

0 0 0 0 0 1 -1 -1
3.000000 0.000000 1.000000 1.000000
0.000000 0.000000 1.000000
0.000000 0.000000 1.600000
0.000000 -1.800001 -1.500000

-0.860000 -0.410000 0.010000
-0.270000 -0.560000 0.000000
0.629999 0.300000 0.000000
-1.949998 -1.319999 -0.540000
-0.430000 -0.140000 -0.090000
-1.099999 0.190000 -0.030000
0.030000 0.400000 -0.110000
0.000000 0.320000 -0.210000
0.000000 0.969999 0.030000
1.709999 -0.040000 -0.100000
-1.230000 0.000000 0.000000
0.200000 0.000000 0.060000
0.510000 -0.060000 0.190000
-0.660000 0.030000 -0.060000
0.040000 0.000000 -0.060000
-1.069999 0.000000 2.269998

0 0 6 1504 2 1 -1 40
5.000000 20.000040 0.750000 0.200001
0.000000 0.000000 3.599999
0.000000 0.000000 1.600000
0.000000 0.199999 -1.500000

-0.150001 0.010000 0.010000
-0.110000 0.290000 0.000000
0.069999 0.000000 0.000000
-1.949998 0.550000 -0.540000
0.440000 -0.140000 -0.090000
-0.649999 0.190000 -0.030000
0.030000 0.400000 -0.110000
0.000000 0.320000 -0.210000
0.000000 0.969999 0.030000
0.710000 -0.040000 -0.100000
-1.010000 0.000000 0.000000
0.200000 0.000000 0.060000
0.090000 -0.060000 0.190000
-0.660000 0.030000 -0.060000
0.040000 0.000000 -0.060000
-1.069999 0.000000 2.269998

0 0 6 1504 2 0 -1 -1
35.000000 20.000040 0.750000 0.200001
0.000000 0.000000 3.599999
0.000000 0.000000 1.600000
0.000000 0.199999 -1.500000

-0.100001 0.210000 0.010000
-0.110000 0.290000 0.000000
0.069999 0.000000 0.000000
-1.949998 0.550000 -0.540000
0.440000 -0.140000 -0.090000
-0.649999 0.190000 -0.030000
0.030000 0.400000 -0.110000
0.000000 0.320000 -0.210000
0.000000 0.969999 0.030000
0.710000 -0.040000 -0.100000
-1.010000 0.000000 0.000000
0.200000 0.000000 0.060000
0.090000 -0.060000 0.190000
-0.660000 0.030000 -0.060000
0.040000 0.000000 -0.060000
-1.069999 0.000000 2.269998


4 0 0 0 0 0 3
0.000000 0.000000 0.000000

0 0 0 0 0 1 -1 -1
30.000000 0.000000 1.000000 1.000000
0.000000 0.000000 1.000000
0.000000 0.000000 1.600000
0.000000 -1.800001 -1.500000

-0.860000 -0.410000 0.010000
-0.270000 -0.560000 0.000000
0.629999 0.300000 0.000000
-1.949998 -1.319999 -0.540000
-0.430000 -0.140000 -0.090000
-1.099999 0.190000 -0.030000
0.030000 0.400000 -0.110000
0.000000 0.320000 -0.210000
0.000000 0.969999 0.030000
1.709999 -0.040000 -0.100000
-1.230000 0.000000 0.000000
0.200000 0.000000 0.060000
0.510000 -0.060000 0.190000
-0.660000 0.030000 -0.060000
0.040000 0.000000 -0.060000
-1.069999 0.000000 2.269998

0 0 0 0 0 1 -1 -1
3.000000 0.000000 1.000000 1.000000
0.000000 0.000000 1.000000
0.000000 0.000000 1.600000
0.000000 -1.800001 -1.500000

-0.860000 -0.410000 0.010000
-0.270000 -0.560000 0.000000
0.629999 0.300000 0.000000
-1.949998 -1.319999 -0.540000
-0.430000 -0.140000 -0.090000
-1.099999 0.190000 -0.030000
0.030000 0.400000 -0.110000
0.000000 0.320000 -0.210000
0.000000 0.969999 0.030000
1.709999 -0.040000 -0.100000
-1.230000 0.000000 0.000000
0.200000 0.000000 0.060000
0.510000 -0.060000 0.190000
-0.660000 0.030000 -0.060000
0.040000 0.000000 -0.060000
-1.069999 0.000000 2.269998

0 0 6 1504 2 1 -1 42
5.000000 20.000040 0.750000 0.200001
0.000000 0.000000 3.599999
0.000000 0.000000 1.600000
0.000000 0.199999 -1.500000

-0.150001 0.010000 0.010000
-0.110000 0.290000 0.000000
0.069999 0.000000 0.000000
-1.949998 0.550000 -0.540000
0.440000 -0.140000 -0.090000
-0.649999 0.190000 -0.030000
0.030000 0.400000 -0.110000
0.000000 0.320000 -0.210000
0.000000 0.969999 0.030000
0.710000 -0.040000 -0.100000
-1.010000 0.000000 0.000000
0.200000 0.000000 0.060000
0.090000 -0.060000 0.190000
-0.660000 0.030000 -0.060000
0.040000 0.000000 -0.060000
-1.069999 0.000000 2.269998

0 0 6 1504 2 0 -1 -1
35.000000 20.000040 0.750000 0.200001
0.000000 0.000000 3.599999
0.000000 0.000000 1.600000
0.000000 0.199999 -1.500000

-0.100001 0.210000 0.010000
-0.110000 0.290000 0.000000
0.069999 0.000000 0.000000
-1.949998 0.550000 -0.540000
0.440000 -0.140000 -0.090000
-0.649999 0.190000 -0.030000
0.030000 0.400000 -0.110000
0.000000 0.320000 -0.210000
0.000000 0.969999 0.030000
0.710000 -0.040000 -0.100000
-1.010000 0.000000 0.000000
0.200000 0.000000 0.060000
0.090000 -0.060000 0.190000
-0.660000 0.030000 -0.060000
0.040000 0.000000 -0.060000
-1.069999 0.000000 2.269998


4 0 0 0 0 0 3
0.000000 0.000000 0.000000

0 0 0 0 0 1 -1 -1
30.000000 0.000000 1.000000 1.000000
0.000000 0.000000 1.000000
0.000000 0.000000 1.600000
0.000000 -1.800001 -1.500000

-0.860000 -0.410000 0.010000
-0.270000 -0.560000 0.000000
0.629999 0.300000 0.000000
-1.949998 -1.319999 -0.540000
-0.430000 -0.140000 -0.090000
-1.099999 0.190000 -0.030000
0.030000 0.400000 -0.110000
0.000000 0.320000 -0.210000
0.000000 0.969999 0.030000
1.709999 -0.040000 -0.100000
-1.230000 0.000000 0.000000
0.200000 0.000000 0.060000
0.510000 -0.060000 0.190000
-0.660000 0.030000 -0.060000
0.040000 0.000000 -0.060000
-1.069999 0.000000 2.269998

0 0 0 0 0 1 -1 -1
3.000000 0.000000 1.000000 1.000000
0.000000 0.000000 1.000000
0.000000 0.000000 1.600000
0.000000 -1.800001 -1.500000

-0.860000 -0.410000 0.010000
-0.270000 -0.560000 0.000000
0.629999 0.300000 0.000000
-1.949998 -1.319999 -0.540000
-0.430000 -0.140000 -0.090000
-1.099999 0.190000 -0.030000
0.030000 0.400000 -0.110000
0.000000 0.320000 -0.210000
0.000000 0.969999 0.030000
1.709999 -0.040000 -0.100000
-1.230000 0.000000 0.000000
0.200000 0.000000 0.060000
0.510000 -0.060000 0.190000
-0.660000 0.030000 -0.060000
0.040000 0.000000 -0.060000
-1.069999 0.000000 2.269998

0 0 6 1504 2 1 -1 44
5.000000 20.000040 0.750000 0.200001
0.000000 0.000000 3.599999
0.000000 0.000000 1.600000
0.000000 0.199999 -1.500000

-0.150001 0.010000 0.010000
-0.110000 0.290000 0.000000
0.069999 0.000000 0.000000
-1.949998 0.550000 -0.540000
0.440000 -0.140000 -0.090000
-0.649999 0.190000 -0.030000
0.030000 0.400000 -0.110000
0.000000 0.320000 -0.210000
0.000000 0.969999 0.030000
0.710000 -0.040000 -0.100000
-1.010000 0.000000 0.000000
0.200000 0.000000 0.060000
0.090000 -0.060000 0.190000
-0.660000 0.030000 -0.060000
0.040000 0.000000 -0.060000
-1.069999 0.000000 2.269998

0 0 6 1504 2 0 -1 -1
35.000000 20.000040 0.750000 0.200001
0.000000 0.000000 3.599999
0.000000 0.000000 1.600000
0.000000 0.199999 -1.500000

-0.100001 0.210000 0.010000
-0.110000 0.290000 0.000000
0.069999 0.000000 0.000000
-1.949998 0.550000 -0.540000
0.440000 -0.140000 -0.090000
-0.649999 0.190000 -0.030000
0.030000 0.400000 -0.110000
0.000000 0.320000 -0.210000
0.000000 0.969999 0.030000
0.710000 -0.040000 -0.100000
-1.010000 0.000000 0.000000
0.200000 0.000000 0.060000
0.090000 -0.060000 0.190000
-0.660000 0.030000 -0.060000
0.040000 0.000000 -0.060000
-1.069999 0.000000 2.269998


